# ra,dec,radius
264.42886,-27.81932,2.0
268.34908,-29.82931,2.0
274.702,-32.7987,2.0
267.60123,-29.42186,2.0
263.89753,-27.40138,2.0
272.128,-31.6099,2.0
250.97409,-18.9533,2.0
267.54154,-29.31816,2.0
262.34732,-26.43455,2.0
268.83557,-29.96004,2.0
268.44009,-29.72954,2.0
271.18369,-31.04671,2.0
264.91371,-27.78942,2.0
271.26123,-30.9715,2.0
255.38988,-21.82577,2.0
260.09152,-24.86451,2.0
269.43069,-30.04164,2.0
268.60571,-29.60244,2.0
269.58057,-30.01092,2.0
265.60461,-27.92665,2.0
264.88007,-27.46299,2.0
269.81494,-30.04643,2.0
268.35434,-29.28576,2.0
268.49,-29.3377,2.0
267.79794,-28.9406,2.0
268.15021,-29.111,2.0
269.53986,-29.73891,2.0
270.58017,-30.24038,2.0
262.35812,-25.81851,2.0
263.72797,-26.59914,2.0
267.69483,-28.74311,2.0
274.40497,-31.94635,2.0
265.635,-27.5544,2.0
267.59651,-28.55288,2.0
268.45715,-28.98646,2.0
274.65601,-31.91262,2.0
265.84733,-27.56811,2.0
271.7756,-30.57138,2.0
267.853,-28.5946,2.0
269.01151,-29.18784,2.0
265.11417,-27.01722,2.0
273.55908,-31.18586,2.0
268.71692,-28.81537,2.0
265.05341,-26.73927,2.0
268.397,-28.4808,2.0
270.15665,-29.36395,2.0
268.44667,-28.455,2.0
268.27747,-28.3031,2.0
262.15674,-24.85183,2.0
270.61,-29.4182,2.0
268.03638,-28.03808,2.0
263.84217,-25.71307,2.0
274.05112,-30.86882,2.0
265.82062,-26.73821,2.0
268.64526,-28.21196,2.0
267.19245,-27.4269,2.0
273.316,-30.4336,2.0
262.00732,-24.42306,2.0
271.81063,-29.69012,2.0
266.155,-26.7904,2.0
271.97449,-29.74285,2.0
269.00996,-28.23671,2.0
271.273,-29.3376,2.0
265.352,-26.0648,2.0
273.77722,-30.25914,2.0
271.78015,-29.21843,2.0
269.83051,-28.23001,2.0
264.46292,-25.34572,2.0
265.98836,-26.1982,2.0
270.42755,-28.42886,2.0
267.188,-26.7235,2.0
274.08057,-30.12666,2.0
270.249,-28.2719,2.0
277.29854,-31.49978,2.0
265.625,-25.75752,2.0
275.644,-30.7249,2.0
271.12,-28.6273,2.0
262.33517,-23.75951,2.0
271.02264,-28.46414,2.0
271.52389,-28.675,2.0
269.63007,-27.61816,2.0
262.67166,-23.75011,2.0
260.32373,-22.30981,2.0
271.35751,-28.36783,2.0
263.99362,-24.42476,2.0
329.89667,-39.38556,2.0
272.77094,-28.98315,2.0
266.41571,-25.66668,2.0
266.368,-25.6368,2.0
270.292,-27.64061,2.0
272.02404,-28.43633,2.0
261.97375,-22.95524,2.0
270.71442,-27.68354,2.0
264.334,-24.0582,2.0
265.47,-24.70233,2.0
265.03094,-24.42849,2.0
272.62836,-28.32303,2.0
274.42258,-29.13877,2.0
275.78705,-29.72366,2.0
272.89621,-28.37695,2.0
272.96863,-28.17841,2.0
270.82669,-27.10628,2.0
265.48856,-24.18768,2.0
270.79935,-26.97506,2.0
263.88,-23.19656,2.0
261.18951,-21.55979,2.0
273.14331,-27.96962,2.0
263.61172,-22.88881,2.0
272.87192,-27.77102,2.0
273.09903,-27.87052,2.0
270.91379,-26.72603,2.0
271.70838,-27.10542,2.0
267.1185,-24.68998,2.0
283.9077,-32.26348,2.0
279.85739,-30.67686,2.0
274.42624,-28.28772,2.0
271.67026,-26.91554,2.0
272.55103,-27.27639,2.0
273.1048,-27.48693,2.0
272.00546,-26.90042,2.0
271.4892,-26.49486,2.0
263.40652,-21.77355,2.0
281.06082,-30.32688,2.0
274.04752,-27.24929,2.0
267.25201,-23.71516,2.0
293.02792,-34.21595,2.0
264.62628,-22.14413,2.0
274.07229,-27.07628,2.0
265.07471,-22.32157,2.0
273.09572,-26.54844,2.0
266.403,-23.0404,2.0
272.30765,-26.04133,2.0
278.12846,-28.72222,2.0
267.46368,-23.4623,2.0
288.59723,-32.57132,2.0
264.0943,-21.52006,2.0
271.35573,-25.22656,2.0
273.41901,-26.14409,2.0
271.97464,-25.40075,2.0
267.03195,-22.77987,2.0
274.225,-26.3892,2.0
274.85483,-26.58887,2.0
273.186,-25.7388,2.0
275.72577,-26.82139,2.0
264.981,-21.2365,2.0
273.31677,-25.50138,2.0
267.15579,-22.28022,2.0
316.47314,-37.14452,2.0
273.581,-25.3471,2.0
268.983,-22.98361,2.0
266.89136,-21.78975,2.0
265.86978,-21.16425,2.0
274.55566,-25.63581,2.0
268.17267,-22.36579,2.0
275.751,-26.0877,2.0
273.14157,-24.83341,2.0
272.37733,-24.20833,2.0
278.73022,-27.10503,2.0
273.61976,-24.72721,2.0
268.09425,-21.85381,2.0
290.54428,-31.51074,2.0
268.40461,-21.97865,2.0
276.99835,-26.11341,2.0
264.54828,-19.62712,2.0
276.239,-25.6986,2.0
268.77929,-21.7445,2.0
263.79266,-18.57234,2.0
264.34167,-18.7783,2.0
275.927,-24.7912,2.0
274.31644,-23.98181,2.0
275.03687,-24.25141,2.0
267.31363,-20.00957,2.0
275.50479,-24.17783,2.0
275.63368,-24.15767,2.0
272.10831,-22.28146,2.0
278.14435,-25.12889,2.0
274.59961,-23.41587,2.0
277.97018,-24.77126,2.0
273.71204,-22.73206,2.0
266.54025,-18.65842,2.0
269.00244,-19.49072,2.0
267.7384,-18.78004,2.0
281.17969,-25.3594,2.0
276.42688,-23.20294,2.0
282.05054,-25.48122,2.0
258.51801,-12.91047,2.0
262.25815,-15.21811,2.0
276.27072,-22.58129,2.0
271.30441,-19.84302,2.0
268.02,-17.6016,2.0
269.277,-18.1115,2.0
265.50836,-15.93541,2.0
278.47763,-22.6447,2.0
278.71524,-22.72138,2.0
274.06882,-20.45074,2.0
266.72687,-16.29022,2.0
267.08249,-16.47895,2.0
277.29648,-21.78151,2.0
262.14246,-13.43912,2.0
281.6463,-23.44675,2.0
256.73,-9.78366,2.0
279.67938,-22.40388,2.0
273.43817,-19.07614,2.0
272.9537,-18.77269,2.0
269.08325,-16.48443,2.0
268.58792,-15.93105,2.0
282.60846,-22.57293,2.0
275.78326,-19.28479,2.0
277.49768,-19.67713,2.0
269.74496,-15.53744,2.0
245.26842,-0.26959,2.0
277.37497,-19.09572,2.0
281.39704,-20.58322,2.0
276.51533,-18.20958,2.0
279.13475,-19.32422,2.0
281.00735,-19.91459,2.0
279.2962,-19.03932,2.0
279.9169,-19.23668,2.0
278.33704,-18.27691,2.0
278.33704,-18.27691,2.0
277.29694,-17.45358,2.0
268.60971,-12.80944,2.0
278.9514,-17.6023,2.0
277.545,-16.7557,2.0
271.8779,-13.47989,2.0
262.87112,-8.31949,2.0
279.03482,-16.99917,2.0
279.44272,-17.09626,2.0
276.98474,-15.54845,2.0
277.33261,-15.12777,2.0
265.56012,-8.72184,2.0
296.64254,-23.13697,2.0
276.80579,-14.14294,2.0
285.25579,-18.20431,2.0
278.49393,-14.87362,2.0
280.312,-15.5615,2.0
258.21625,-3.2667,2.0
278.26559,-13.73888,2.0
273.03995,-10.71619,2.0
272.61005,-10.48466,2.0
280.60321,-14.25328,2.0
278.55775,-13.20685,2.0
281.47969,-14.46053,2.0
295.12304,-20.452,2.0
289.26713,-18.02661,2.0
273.82071,-10.1693,2.0
280.90878,-13.74684,2.0
299.38125,-21.61286,2.0
271.74911,-8.92578,2.0
276.03287,-11.11169,2.0
276.492,-10.75791,2.0
282.68463,-13.51727,2.0
278.37083,-11.124,2.0
282.87891,-13.17689,2.0
281.0257,-12.2154,2.0
278.31155,-10.2554,2.0
278.17203,-10.09723,2.0
275.33798,-8.52842,2.0
281.76648,-11.68659,2.0
280.73743,-11.11475,2.0
280.08438,-10.6631,2.0
277.14685,-8.72301,2.0
273.80579,-6.95339,2.0
274.45575,-6.80599,2.0
285.3407,-11.97222,2.0
280.28046,-8.93305,2.0
277.62662,-7.46064,2.0
280.83408,-9.08018,2.0
275.34937,-6.03216,2.0
273.57651,-4.98925,2.0
283.574,-10.0869,2.0
281.95334,-9.15193,2.0
281.64426,-8.46718,2.0
289.824,-12.24333,2.0
242.93561,12.07141,2.0
283.58334,-8.79255,2.0
283.65423,-8.82732,2.0
295.99043,-14.15324,2.0
281.6025,-7.24286,2.0
280.53351,-6.68203,2.0
289.58133,-11.10429,2.0
281.36475,-6.94929,2.0
281.88437,-6.90098,2.0
282.436,-7.0264,2.0
281.40231,-6.30954,2.0
282.19357,-5.9353,2.0
283.36792,-6.47875,2.0
283.5079,-6.43884,2.0
289.11758,-9.04349,2.0
265.42101,3.11525,2.0
276.66687,-2.71601,2.0
279.84097,-4.33081,2.0
271.5032,0.37738,2.0
284.3223,-5.99772,2.0
276.25241,-1.51462,2.0
279.40378,-3.09888,2.0
278.55671,-2.46028,2.0
284.45709,-5.46115,2.0
280.69547,-3.22147,2.0
281.22244,-3.34247,2.0
286.48151,-5.99248,2.0
288.48206,-6.3145,2.0
278.84402,-0.23047,2.0
278.32288,0.19644,2.0
291.7579,-6.58462,2.0
276.78874,1.24073,2.0
282.6027,-1.67166,2.0
280.76438,-0.27708,2.0
282.66794,-1.0531,2.0
284.06534,-1.56675,2.0
276.18552,2.49114,2.0
285.5423,-1.81259,2.0
277.75095,2.42426,2.0
284.60938,-1.06269,2.0
285.4024,-1.31885,2.0
283.52847,-0.33413,2.0
275.84052,3.60772,2.0
287.60736,-2.33985,2.0
288.65155,-2.70696,2.0
284.71559,-0.5493,2.0
285.06723,-0.24239,2.0
285.65454,-0.44916,2.0
281.35242,2.02329,2.0
292.78,-3.70875,2.0
277.94098,4.08587,2.0
294.07306,-3.89035,2.0
289.60396,-1.59644,2.0
273.02636,6.85359,2.0
288.66324,0.22675,2.0
285.49983,2.15447,2.0
268.38446,10.62326,2.0
337.41058,-20.83711,2.0
287.00894,2.35674,2.0
285.74729,3.03925,2.0
289.58533,1.78323,2.0
316.04532,-11.3634,2.0
290.73737,1.5129,2.0
288.27554,2.87997,2.0
307.88833,-7.08836,2.0
274.39213,10.15097,2.0
288.34427,3.41675,2.0
283.72559,5.80314,2.0
283.73877,6.04196,2.0
288.47458,3.62824,2.0
287.7226,4.45792,2.0
288.39398,4.63457,2.0
284.07567,7.12394,2.0
286.69128,6.39791,2.0
289.11539,5.22207,2.0
287.30683,7.09556,2.0
289.61703,6.53869,2.0
282.13675,10.59743,2.0
300.16338,1.72803,2.0
293.63972,5.68401,2.0
290.25299,7.61455,2.0
251.123,23.79988,2.0
284.14017,10.86946,2.0
285.574,10.2925,2.0
276.95114,14.48502,2.0
299.613,3.04977,2.0
283.25679,12.26664,2.0
282.69516,12.62506,2.0
286.63394,10.72331,2.0
293.16483,7.46432,2.0
278.51104,14.82206,2.0
291.09259,9.89896,2.0
265.65216,21.44982,2.0
292.89642,9.22533,2.0
290.61111,10.68927,2.0
291.93674,10.40578,2.0
292.81867,10.05597,2.0
290.70976,11.46539,2.0
285.79205,14.11636,2.0
286.5955,13.74614,2.0
246.89056,27.90929,2.0
285.66803,14.48066,2.0
293.32454,10.61658,2.0
292.05997,12.32671,2.0
288.8773,14.06384,2.0
286.2142,15.79352,2.0
288.02417,15.15124,2.0
288.4101,14.98867,2.0
194.86575,27.63628,2.0
288.27275,15.7776,2.0
286.13475,17.95214,2.0
292.56946,14.7894,2.0
295.5145,13.84372,2.0
288.51721,17.52569,2.0
282.44818,20.84429,2.0
291.41876,16.55138,2.0
285.90567,19.35628,2.0
295.28885,14.94983,2.0
295.57813,15.15229,2.0
295.57813,15.15229,2.0
294.79089,15.9467,2.0
294.81616,16.34681,2.0
289.76104,19.03917,2.0
290.72888,18.70224,2.0
293.82648,17.21686,2.0
268.59579,27.99944,2.0
289.66679,19.57583,2.0
295.54283,17.08733,2.0
303.78683,12.70434,2.0
295.39156,17.75485,2.0
291.66727,20.48751,2.0
295.10768,18.82007,2.0
290.85342,21.13347,2.0
290.94529,21.11061,2.0
287.16492,22.98288,2.0
277.82621,26.93692,2.0
294.11218,19.70666,2.0
291.65732,21.15751,2.0
291.93347,21.50106,2.0
294.89916,20.31719,2.0
300.65143,17.61416,2.0
302.61118,16.92258,2.0
296.34235,21.33445,2.0
305.03646,16.73156,2.0
289.2739,25.62595,2.0
286.53,27.21625,2.0
294.09094,23.66331,2.0
297.11,22.14369,2.0
291.01138,25.31321,2.0
296.3925,22.97572,2.0
293.44479,24.54086,2.0
312.50858,13.55823,2.0
293.9768,24.91389,2.0
300.04417,21.71556,2.0
303.17838,19.98963,2.0
302.98358,20.33456,2.0
294.71722,25.0924,2.0
296.56512,24.18435,2.0
294.53482,25.26131,2.0
299.90158,22.72111,2.0
288.62488,28.6793,2.0
305.59558,20.10467,2.0
250.07565,38.70553,2.0
287.77729,30.54547,2.0
297.61893,25.90839,2.0
283.39615,33.02917,2.0
241.11061,40.68307,2.0
293.68848,30.51637,2.0
300.84354,27.01524,2.0
282.5087,35.24336,2.0
302.2695,26.44889,2.0
304.33926,25.36299,2.0
295.94998,30.23539,2.0
298.75967,29.28831,2.0
324.22073,12.7887,2.0
304.90887,27.00312,2.0
297.75281,31.04132,2.0
300.7977,30.54279,2.0
303.49124,29.56554,2.0
299.826,31.9107,2.0
299.14178,32.37027,2.0
297.96967,32.98831,2.0
285.11055,38.35222,2.0
301.18369,31.45678,2.0
297.50083,33.76422,2.0
300.17514,32.46137,2.0
298.5026,33.37014,2.0
304.09985,30.56477,2.0
305.49301,29.98949,2.0
301.73417,32.27586,2.0
298.5716,35.11762,2.0
305.2657,32.49004,2.0
303.19867,34.34237,2.0
319.2178,24.14772,2.0
306.27026,33.58075,2.0
302.7186,37.41186,2.0
301.06708,39.59247,2.0
258.45981,49.26979,2.0
289.87701,44.762,2.0
304.99275,38.40078,2.0
303.10003,40.7582,2.0
289.7926,46.24779,2.0
310.568,37.6748,2.0
284.8327,48.46542,2.0
302.17924,42.50261,2.0
307.32889,40.25572,2.0
302.25803,43.72876,2.0
301.73077,44.23851,2.0
319.28455,34.20756,2.0
323.87189,31.69615,2.0
318.40701,37.2604,2.0
302.59863,46.46098,2.0
297.44406,48.96114,2.0
296.20068,50.52509,2.0
305.56818,47.06554,2.0
320.56409,38.12088,2.0
311.29175,44.65405,2.0
316.75733,42.23603,2.0
308.09787,47.34767,2.0
230.444,52.36781,2.0
307.96817,48.88047,2.0
312.55701,46.9209,2.0
323.28479,39.63599,2.0
311.34464,50.37775,2.0
318.56345,46.2882,2.0
316.57738,47.85186,2.0
319.78067,46.31312,2.0
318.53146,47.77256,2.0
323.129,44.59655,2.0
324.70419,46.00772,2.0
317.71778,50.78744,2.0
313.30656,53.76171,2.0
322.71468,50.00235,2.0
324.25542,48.93444,2.0
315.13688,54.54317,2.0
275.46713,64.36483,2.0
323.93283,50.90471,2.0
325.82343,50.42072,2.0
322.95917,52.56434,2.0
314.11264,57.43418,2.0
322.50296,54.45763,2.0
269.63919,66.633,2.0
329.42422,51.69417,2.0
324.7999,55.76776,2.0
321.86032,57.65179,2.0
337.63929,47.52314,2.0
337.93204,47.8011,2.0
335.98218,50.96679,2.0
321.59808,62.89217,2.0
338.68997,52.43506,2.0
336.5719,54.82724,2.0
334.0162,57.47604,2.0
335.12811,57.60601,2.0
335.06934,58.23794,2.0
326.53577,63.79152,2.0
337.52841,56.19828,2.0
353.97221,30.46844,2.0
338.07382,56.17392,2.0
351.47485,42.53473,2.0
301.0595,74.42667,2.0
343.77911,56.70865,2.0
350.74146,46.89951,2.0
333.34383,65.89872,2.0
344.08252,57.15574,2.0
340.08279,61.28575,2.0
9.31678,-13.71624,2.0
344.715,61.9622,2.0
354.79517,48.20808,2.0
342.25906,67.02747,2.0
348.06454,64.65492,2.0
356.93457,51.39897,2.0
356.69461,54.7438,2.0
356.44922,57.06645,2.0
352.964,70.3706,2.0
340.60361,80.44202,2.0
4.6757,53.87223,2.0
0.37906,70.70831,2.0
11.76395,-11.87196,2.0
4.99478,62.9838,2.0
7.06506,55.9652,2.0
3.25426,72.52197,2.0
7.9523,57.38288,2.0
9.72521,66.39703,2.0
11.39449,57.95969,2.0
188.27847,82.56397,2.0
15.60203,65.77578,2.0
21.24428,65.64337,2.0
22.58333,58.44139,2.0
25.65783,60.16311,2.0
29.6477,66.5668,2.0
29.10392,65.4751,2.0
25.02433,56.58183,2.0
29.399,63.3217,2.0
24.33096,50.46986,2.0
30.92204,64.96087,2.0
25.58312,51.57532,2.0
28.26217,56.4055,2.0
33.02748,64.15026,2.0
36.62506,65.79813,2.0
40.05988,61.15464,2.0
44.67447,64.50175,2.0
45.94596,64.90983,2.0
47.74525,62.79858,2.0
47.5803,61.31692,2.0
43.0628,50.59835,2.0
54.03369,60.06286,2.0
41.34861,42.55137,2.0
61.7475,60.92061,2.0
179.43681,48.93844,2.0
66.4618,60.1202,2.0
55.43095,52.28341,2.0
63.31269,56.94947,2.0
168.6989,55.01903,2.0
65.1886,56.3035,2.0
51.81432,45.40569,2.0
63.36356,51.85026,2.0
100.98109,61.79019,2.0
63.97729,48.82795,2.0
70.83862,46.70161,2.0
94.89146,55.61217,2.0
56.8875,35.04686,2.0
69.33892,42.78624,2.0
59.0916,33.87516,2.0
73.6291,42.27803,2.0
119.46512,53.42138,2.0
62.32079,30.77597,2.0
69.9496,36.7619,2.0
89.09962,46.10481,2.0
76.66008,39.13572,2.0
69.15518,33.6583,2.0
98.53067,44.77725,2.0
85.34228,39.25225,2.0
58.4018,19.49415,2.0
85.64229,36.15206,2.0
76.78458,30.82178,2.0
69.34758,25.04414,2.0
82.8994,28.97821,2.0
88.20192,28.09978,2.0
94.04903,28.37044,2.0
86.70833,24.36748,2.0
89.68896,25.31218,2.0
89.68896,25.31218,2.0
93.4791,26.8825,2.0
111.3945,29.49067,2.0
99.33725,24.00989,2.0
76.39297,10.70631,2.0
100.04038,21.41714,2.0
89.28325,15.42528,2.0
85.18764,12.35646,2.0
96.48865,17.79089,2.0
85.52579,9.08625,2.0
100.85893,16.81421,2.0
82.94038,6.93389,2.0
92.78615,11.77871,2.0
112.29487,20.91179,2.0
90.58352,9.65391,2.0
99.98283,11.10853,2.0
93.64048,7.57496,2.0
91.19957,3.94327,2.0
95.97867,5.50358,2.0
112.26128,13.24688,2.0
75.92438,-6.16749,2.0
63.56567,-12.73945,2.0
131.72298,17.8793,2.0
94.06408,-0.00694,2.0
105.11825,4.34181,2.0
103.39082,3.14082,2.0
98.93808,-0.09371,2.0
98.93808,-0.09371,2.0
118.79708,9.55256,2.0
106.33002,2.7831,2.0
110.74059,1.75912,2.0
81.86752,-12.69729,2.0
75.78133,-15.60634,2.0
114.03307,2.70771,2.0
107.34395,-0.80638,2.0
104.06017,-2.88558,2.0
100.39413,-5.04322,2.0
117.90658,3.00561,2.0
106.71196,-3.08583,2.0
133.55482,8.89806,2.0
53.31102,-25.87165,2.0
95.42823,-12.98721,2.0
148.25218,13.74636,2.0
111.64262,-5.36449,2.0
121.69373,-2.87644,2.0
105.69483,-13.70986,2.0
114.32898,-9.64713,2.0
88.77793,-22.90061,2.0
99.41279,-18.95644,2.0
115.09252,-11.54161,2.0
108.14789,-16.09992,2.0
115.517,-14.3547,2.0
115.4605,-14.73542,2.0
117.01534,-14.12789,2.0
110.3123,-18.14359,2.0
107.81956,-19.8508,2.0
96.7585,-25.3805,2.0
115.48075,-18.20869,2.0
111.98546,-20.22302,2.0
109.83946,-21.73207,2.0
117.54778,-19.30447,2.0
144.78799,-2.80874,2.0
113.355,-23.428,2.0
122.18443,-19.23364,2.0
128.34758,-16.14939,2.0
103.80096,-29.12459,2.0
122.67345,-20.5256,2.0
108.70733,-27.83981,2.0
118.7975,-23.63683,2.0
105.708,-31.5917,2.0
116.85937,-27.33532,2.0
75.7572,-39.76235,2.0
130.07884,-20.91007,2.0
120.62055,-27.69873,2.0
146.39714,-13.171,2.0
112.2242,-35.75387,2.0
115.826,-34.7532,2.0
122.25685,-32.67359,2.0
123.33955,-33.01762,2.0
121.06,-34.2667,2.0
119.27728,-36.11388,2.0
127.96931,-32.10241,2.0
134.44148,-28.95998,2.0
130.16753,-32.37589,2.0
44.24334,-44.17164,2.0
121.61808,-38.88998,2.0
129.069,-35.2504,2.0
124.04166,-39.86407,2.0
127.72582,-38.30194,2.0
121.39046,-41.93814,2.0
108.70565,-46.96102,2.0
127.1165,-39.39444,2.0
129.28479,-39.41897,2.0
129.35249,-40.63541,2.0
156.19225,-18.64229,2.0
133.37883,-40.06167,2.0
139.0069,-36.62743,2.0
125.97417,-45.51928,2.0
125.16745,-46.38301,2.0
121.29577,-48.39219,2.0
122.88283,-48.72147,2.0
116.8335,-51.25094,2.0
128.52838,-47.27736,2.0
130.867,-46.11108,2.0
138.11092,-42.42772,2.0
139.04005,-45.47855,2.0
133.57634,-50.53954,2.0
134.76237,-50.39436,2.0
158.62749,-29.18755,2.0
151.75696,-40.43672,2.0
133.4035,-54.08572,2.0
137.16687,-53.32053,2.0
151.44075,-44.35924,2.0
145.40627,-49.96631,2.0
145.40627,-49.96631,2.0
146.85333,-48.97075,2.0
138.78227,-54.87883,2.0
140.52844,-54.16072,2.0
138.47009,-55.47133,2.0
142.70168,-53.16648,2.0
141.19096,-54.60428,2.0
143.50503,-53.19958,2.0
141.76302,-56.10589,2.0
144.46608,-54.45238,2.0
142.83536,-56.29427,2.0
140.35558,-58.3113,2.0
142.72824,-57.61469,2.0
139.86449,-59.20011,2.0
153.31645,-50.33313,2.0
148.36275,-54.87767,2.0
145.85675,-57.28208,2.0
152.99026,-52.63808,2.0
152.64351,-53.93519,2.0
144.69672,-60.09192,2.0
153.33197,-56.92562,2.0
157.88346,-53.55836,2.0
158.57918,-53.68438,2.0
171.68245,-34.36973,2.0
150.95485,-60.73007,2.0
157.88925,-55.34744,2.0
163.66905,-48.78412,2.0
159.61504,-56.78511,2.0
152.3369,-62.61345,2.0
160.33156,-56.15454,2.0
155.7881,-60.54506,2.0
159.88622,-57.10381,2.0
136.77609,-69.94187,2.0
151.84837,-63.90835,2.0
151.74821,-64.36388,2.0
154.45953,-62.67068,2.0
162.18008,-56.05267,2.0
168.47563,-47.95017,2.0
89.2589,-75.67292,2.0
161.12965,-61.66069,2.0
169.54059,-52.16731,2.0
158.94092,-64.31993,2.0
171.00436,-52.85538,2.0
165.98325,-60.60127,2.0
172.15085,-52.93445,2.0
178.12179,-42.29408,2.0
165.0838,-65.24938,2.0
171.85108,-57.29969,2.0
173.32382,-57.10389,2.0
171.9906,-59.9577,2.0
172.702,-59.28497,2.0
172.19737,-60.11036,2.0
173.79567,-60.28361,2.0
178.27726,-50.84907,2.0
186.12814,-18.78486,2.0
180.1795,-47.553,2.0
177.57387,-57.18247,2.0
172.93929,-65.97047,2.0
175.40533,-62.48189,2.0
169.42982,-70.82567,2.0
177.15913,-65.1437,2.0
174.79666,-68.86921,2.0
152.33683,-80.85842,2.0
182.29248,-58.7104,2.0
182.10597,-64.20259,2.0
184.63642,-55.90128,2.0
181.06117,-67.31014,2.0
187.71873,-44.23775,2.0
185.75516,-64.02943,2.0
187.18332,-62.09307,2.0
187.19521,-63.74364,2.0
187.53152,-63.88342,2.0
187.62677,-64.86822,2.0
187.602,-66.2405,2.0
191.47723,-60.33766,2.0
192.13158,-63.83322,2.0
195.17175,-56.89458,2.0
197.19727,-67.6438,2.0
196.45088,-57.65674,2.0
203.55887,-75.77537,2.0
199.87461,-66.15224,2.0
200.64146,-63.35056,2.0
203.38739,-65.97408,2.0
206.34331,-71.48226,2.0
201.09134,-57.52203,2.0
204.896,-67.38106,2.0
204.384,-66.1443,2.0
202.0205,-54.69969,2.0
204.67751,-61.9298,2.0
213.85335,-74.21294,2.0
208.12785,-66.39069,2.0
205.65062,-61.37477,2.0
208.48738,-66.51415,2.0
206.00012,-60.82968,2.0
208.6143,-64.99227,2.0
201.4063,-37.60415,2.0
208.34613,-60.56317,2.0
208.60258,-60.45619,2.0
213.85058,-67.53186,2.0
208.93011,-59.37778,2.0
209.55777,-58.90883,2.0
207.76364,-51.20573,2.0
214.68057,-63.1193,2.0
213.97202,-60.02716,2.0
214.21585,-58.88611,2.0
230.29379,-72.22378,2.0
210.174,-51.041,2.0
215.33295,-58.63947,2.0
218.32688,-60.82669,2.0
234.29671,-71.91469,2.0
215.20381,-55.46645,2.0
220.32417,-61.33178,2.0
215.49971,-55.03803,2.0
214.53703,-52.17771,2.0
219.58325,-59.19614,2.0
221.58298,-61.22634,2.0
227.66988,-64.67386,2.0
220.39927,-56.25325,2.0
226.50779,-61.35572,2.0
226.03588,-60.88894,2.0
227.18154,-61.73708,2.0
205.17225,-19.88203,2.0
220.12885,-52.58241,2.0
215.609,-44.15067,2.0
239.007,-66.15258,2.0
293.4559,-74.54963,2.0
226.49664,-55.98793,2.0
232.57742,-61.02758,2.0
221.64625,-50.39019,2.0
224.97301,-54.302,2.0
226.3199,-55.18622,2.0
255.3219,-70.10093,2.0
227.35483,-55.55158,2.0
227.98433,-55.66297,2.0
238.04463,-62.51294,2.0
230.92859,-57.15695,2.0
233.56929,-59.15228,2.0
236.92154,-61.21822,2.0
234.50508,-58.74514,2.0
230.58067,-54.13688,2.0
229.78635,-53.1639,2.0
225.41969,-48.35056,2.0
230.90135,-53.85777,2.0
235.49504,-56.60714,2.0
231.38615,-52.84388,2.0
239.78655,-58.3977,2.0
253.64653,-64.24123,2.0
231.28267,-51.32841,2.0
243.92612,-59.90027,2.0
238.246,-56.4072,2.0
229.93283,-48.99858,2.0
211.10776,-17.22801,2.0
239.5336,-55.69726,2.0
239.99013,-55.92586,2.0
226.55721,-42.99902,2.0
244.7932,-57.9819,2.0
229.20808,-45.64961,2.0
247.37973,-59.15681,2.0
240.24635,-55.09437,2.0
245.87752,-58.32296,2.0
240.4617,-54.89434,2.0
237.37137,-52.50458,2.0
237.92056,-51.52455,2.0
243.635,-54.95131,2.0
243.6006,-54.7941,2.0
238.71211,-51.37645,2.0
235.55436,-47.67896,2.0
246.08923,-54.60078,2.0
244.30961,-53.53477,2.0
237.83271,-48.43544,2.0
241.06944,-50.83409,2.0
245.5597,-53.68168,2.0
259.08779,-59.48986,2.0
228.212,-38.1255,2.0
246.96214,-54.02454,2.0
242.24449,-51.0324,2.0
247.49879,-54.15742,2.0
246.15771,-53.37608,2.0
247.47225,-53.38732,2.0
240.09167,-48.2598,2.0
248.83845,-53.83651,2.0
268.53942,-60.83269,2.0
267.97008,-60.38936,2.0
257.25388,-56.9134,2.0
243.83347,-49.22243,2.0
247.77725,-50.44347,2.0
257.93827,-55.40046,2.0
255.76196,-53.93171,2.0
251.25075,-51.20586,2.0
238.30183,-41.84064,2.0
248.55592,-49.35336,2.0
235.77101,-39.30404,2.0
252.167,-51.15544,2.0
251.98775,-50.71328,2.0
243.76167,-45.19836,2.0
245.97725,-46.70393,2.0
256.56152,-52.50011,2.0
254.90027,-51.70179,2.0
240.55434,-41.55998,2.0
263.6175,-54.48261,2.0
247.60771,-46.04753,2.0
260.65396,-52.77624,2.0
255.40407,-50.38264,2.0
254.37108,-49.78194,2.0
260.19325,-51.75431,2.0
244.84671,-42.26019,2.0
193.89058,25.89183,2.0
270.24744,-52.73893,2.0
242.10967,-37.14653,2.0
240.84254,-36.01492,2.0
257.86404,-47.41711,2.0
243.40974,-37.99958,2.0
287.44896,-55.58631,2.0
264.0289,-49.42924,2.0
240.33778,-34.54351,2.0
260.26215,-47.59092,2.0
247.877,-40.2535,2.0
230.58031,-23.62537,2.0
243.24321,-36.22983,2.0
254.14158,-43.77077,2.0
260.71865,-47.0458,2.0
271.81583,-51.0195,2.0
253.38056,-42.65622,2.0
261.95329,-46.92814,2.0
256.59399,-44.21943,2.0
259.88563,-45.88751,2.0
243.36734,-34.59423,2.0
263.92365,-46.99682,2.0
251.10058,-40.05567,2.0
261.75943,-45.54402,2.0
254.34892,-41.63274,2.0
256.74636,-42.68587,2.0
250.63928,-38.90884,2.0
262.51608,-45.38074,2.0
252.89021,-40.04879,2.0
252.38695,-39.35249,2.0
258.09177,-42.51146,2.0
251.68808,-38.61614,2.0
261.55135,-44.19047,2.0
252.60551,-39.13858,2.0
266.39706,-46.08995,2.0
257.61414,-41.88039,2.0
268.19608,-46.69983,2.0
256.29376,-40.88568,2.0
242.44131,-30.91879,2.0
249.86713,-36.57122,2.0
253.61377,-38.73622,2.0
266.369,-44.905,2.0
264.83275,-44.16042,2.0
245.82924,-31.74971,2.0
252.22537,-35.78584,2.0
256.14072,-37.88747,2.0
265.01389,-42.40155,2.0
274.63342,-45.98381,2.0
252.20229,-35.01594,2.0
263.19913,-40.97462,2.0
269.14044,-43.05525,2.0
254.48798,-35.41504,2.0
263.0836,-39.85618,2.0
260.56549,-38.48339,2.0
263.92416,-40.19061,2.0
258.43539,-37.10322,2.0
255.27596,-34.82738,2.0
264.1245,-39.36571,2.0
265.72528,-39.60668,2.0
263.09225,-37.95662,2.0
256.15106,-33.98854,2.0
272.24533,-41.81047,2.0
255.9452,-33.49567,2.0
255.57945,-33.16806,2.0
267.61503,-39.67121,2.0
253.40445,-31.67584,2.0
268.03909,-39.53737,2.0
267.6857,-39.29055,2.0
273.22046,-41.50739,2.0
268.26172,-39.4024,2.0
252.57129,-30.33208,2.0
263.25278,-36.73126,2.0
266.27826,-38.14708,2.0
256.37781,-32.53564,2.0
258.67877,-33.41311,2.0
266.96948,-37.80086,2.0
261.60117,-35.02822,2.0
270.87151,-39.35783,2.0
262.11492,-35.12547,2.0
251.20438,-28.06797,2.0
270.04925,-38.83128,2.0
267.68853,-37.39808,2.0
256.07635,-30.89131,2.0
271.13174,-38.79436,2.0
267.00387,-36.83556,2.0
266.1482,-36.23393,2.0
256.308,-30.5388,2.0
276.67407,-40.49792,2.0
263.86404,-34.79506,2.0
259.93938,-32.50894,2.0
258.52927,-31.3285,2.0
271.24004,-37.63554,2.0
264.72634,-34.46065,2.0
259.71634,-31.65176,2.0
258.22243,-30.66899,2.0
273.91267,-38.46569,2.0
270.73206,-37.13721,2.0
259.83423,-31.21125,2.0
267.12288,-35.09144,2.0
270.63469,-36.65304,2.0
258.761,-30.3424,2.0
266.38451,-34.56551,2.0
261.1096,-31.7222,2.0
259.76398,-30.89816,2.0
266.0577,-34.29259,2.0
271.46893,-36.76015,2.0
265.00143,-33.5923,2.0
266.08582,-34.11127,2.0
261.26447,-31.47736,2.0
267.80063,-34.923,2.0
266.52636,-34.06265,2.0
267.24164,-34.3648,2.0
267.30807,-34.38138,2.0
266.95588,-34.13472,2.0
273.09852,-36.88107,2.0
268.24561,-34.63972,2.0
261.1702,-30.86652,2.0
260.3829,-30.34676,2.0
271.71858,-36.11139,2.0
271.78258,-36.04606,2.0
267.46169,-34.00865,2.0
261.3306,-30.67827,2.0
273.16614,-36.53032,2.0
268.63742,-34.37246,2.0
271.83948,-35.76223,2.0
270.63344,-35.22047,2.0
271.31,-35.46876,2.0
267.96072,-33.79322,2.0
266.68936,-33.14307,2.0
262.74515,-31.01826,2.0
268.33752,-33.9329,2.0
259.33553,-28.99115,2.0
272.45514,-35.73691,2.0
269.32977,-34.16364,2.0
271.1221,-34.96694,2.0
270.07586,-34.461,2.0
267.54474,-33.23832,2.0
276.9614,-37.26589,2.0
261.27539,-29.75469,2.0
260.13855,-29.01074,2.0
260.26859,-29.04978,2.0
262.20978,-30.12902,2.0
261.14346,-29.40541,2.0
263.46235,-30.71004,2.0
262.71358,-30.28676,2.0
271.02167,-34.47708,2.0
269.56012,-33.79375,2.0
257.67395,-27.14549,2.0
262.78369,-30.17444,2.0
269.35486,-33.59526,2.0
263.321,-30.4414,2.0
271.53458,-34.55853,2.0
260.85391,-28.98501,2.0
261.49911,-29.36393,2.0
268.40768,-32.97998,2.0
272.32,-34.7971,2.0
268.14319,-32.76419,2.0
269.63588,-33.4768,2.0
261.74915,-29.25885,2.0
263.1954,-30.00419,2.0
262.42816,-29.54728,2.0
268.31998,-32.67738,2.0
263.93106,-30.35734,2.0
256.43549,-25.41715,2.0
269.058,-32.6228,2.0
270.42818,-33.25687,2.0
262.58893,-29.17016,2.0
258.1398,-26.4226,2.0
261.88687,-28.51858,2.0
266.51154,-31.06056,2.0
261.83395,-28.46421,2.0
261.21729,-28.0985,2.0
289.34775,-39.61289,2.0
262.4191,-28.67281,2.0
264.24933,-29.66915,2.0
267.9361,-31.60005,2.0
262.1741,-28.45537,2.0
263.84476,-29.3715,2.0
273.01147,-33.86865,2.0
262.6268,-28.59858,2.0
269.76038,-32.36206,2.0
260.29784,-27.19362,2.0
262.94738,-28.70072,2.0
258.16315,-25.72705,2.0
271.23431,-32.90034,2.0
268.00143,-31.2972,2.0
263.80823,-29.05283,2.0
270.97275,-32.69504,2.0
260.6178,-27.14511,2.0
270.86874,-32.62388,2.0
268.40096,-31.42355,2.0
261.79442,-27.73267,2.0
263.968,-28.9743,2.0
261.75146,-27.67614,2.0
262.78873,-28.24734,2.0
266.49023,-30.20016,2.0
262.51062,-27.98821,2.0
262.6825,-28.06852,2.0
269.54434,-31.71558,2.0
269.98659,-31.9077,2.0
264.68957,-29.14935,2.0
270.69403,-32.15816,2.0
268.77358,-31.20468,2.0
267.57501,-30.58192,2.0
252.14373,-21.01404,2.0
268.19186,-30.82623,2.0
304.8696,-41.5243,2.0
261.43359,-26.96325,2.0
266.98417,-29.99436,2.0
269.10684,-31.07134,2.0
272.131,-32.4999,2.0
267.82874,-30.39805,2.0
264.67569,-28.71259,2.0
262.56,-27.50539,2.0
274.86079,-33.61864,2.0
263.81473,-28.11714,2.0
269.55222,-31.135,2.0
263.55759,-27.9336,2.0
271.03203,-31.65296,2.0
264.05908,-28.01286,2.0
268.90021,-30.55891,2.0
268.02469,-30.08717,2.0
270.72007,-31.39948,2.0
262.69464,-27.09976,2.0
259.80579,-25.28821,2.0
263.9505,-27.72233,2.0
261.34829,-26.19806,2.0
261.00604,-25.98977,2.0
273.71091,-32.61534,2.0
261.43071,-26.19875,2.0
271.83036,-31.71559,2.0
270.96912,-31.29626,2.0
273.3248,-32.32854,2.0
268.24321,-29.88969,2.0
268.51797,-29.95753,2.0
264.56791,-27.80219,2.0
264.513,-27.7716,2.0
261.01793,-25.72054,2.0
268.20379,-29.69973,2.0
269.948,-30.509,2.0
259.67831,-24.69027,2.0
262.28044,-26.24582,2.0
268.21714,-29.50027,2.0
270.04626,-30.3969,2.0
262.55121,-26.3503,2.0
261.30452,-25.57113,2.0
270.84042,-30.72659,2.0
262.46821,-26.18703,2.0
263.98169,-26.98803,2.0
269.98625,-30.07443,2.0
263.733,-26.7379,2.0
268.2529,-29.09802,2.0
259.28769,-23.94146,2.0
272.602,-31.0679,2.0
264.87535,-27.0339,2.0
267.93033,-28.64969,2.0
271.20071,-30.28033,2.0
265.21567,-27.14674,2.0
270.30578,-29.78336,2.0
264.79712,-26.87226,2.0
268.93,-29.0677,2.0
264.95714,-26.81249,2.0
268.32257,-28.60199,2.0
269.151,-28.9551,2.0
272.76128,-30.70331,2.0
270.874,-29.7826,2.0
261.22413,-24.32247,2.0
263.11289,-25.38024,2.0
270.09335,-29.07746,2.0
269.70504,-28.8822,2.0
264.31876,-25.99386,2.0
269.99542,-28.89911,2.0
267.982,-27.8008,2.0
265.77834,-26.60839,2.0
270.00255,-28.77418,2.0
263.94747,-25.46196,2.0
272.4454,-29.88162,2.0
269.42581,-28.40196,2.0
271.11879,-29.23261,2.0
270.70911,-29.00557,2.0
270.15019,-28.71397,2.0
269.9695,-28.57989,2.0
265.4362,-26.15554,2.0
265.69071,-26.22933,2.0
270.90807,-28.92823,2.0
266.868,-26.83018,2.0
270.70207,-28.79472,2.0
266.1396,-26.41499,2.0
261.72673,-23.85776,2.0
270.793,-28.8145,2.0
270.04044,-28.42363,2.0
270.0779,-28.43551,2.0
261.424,-23.6422,2.0
270.38454,-28.52917,2.0
265.128,-25.7449,2.0
271.7071,-29.16643,2.0
268.79333,-27.69437,2.0
270.07832,-28.30968,2.0
272.027,-29.2196,2.0
268.93974,-27.66163,2.0
266.0069,-26.09588,2.0
262.29419,-23.9084,2.0
269.6463,-27.94889,2.0
261.92373,-23.64807,2.0
266.14756,-26.05979,2.0
273.938,-29.9623,2.0
265.45171,-25.63832,2.0
261.64071,-23.42069,2.0
270.85296,-28.44031,2.0
272.80209,-29.36668,2.0
264.50127,-25.01281,2.0
271.2308,-28.55219,2.0
270.4388,-28.16027,2.0
261.22168,-23.04279,2.0
266.71669,-26.19725,2.0
265.80457,-25.69412,2.0
263.342,-24.2512,2.0
266.00121,-25.75998,2.0
263.24253,-24.14588,2.0
265.91438,-25.63796,2.0
271.05455,-28.26998,2.0
265.7171,-25.42857,2.0
269.62047,-27.49446,2.0
270.78541,-28.0708,2.0
266.32876,-25.70142,2.0
264.38342,-24.59475,2.0
271.63375,-28.40753,2.0
278.8901,-31.59566,2.0
272.1159,-28.59361,2.0
271.072,-27.9547,2.0
278.42834,-31.26193,2.0
271.43503,-28.07942,2.0
273.09754,-28.80275,2.0
269.88836,-27.21384,2.0
263.27935,-23.46674,2.0
270.35358,-27.30306,2.0
271.61665,-27.78772,2.0
272.6504,-28.22966,2.0
269.98035,-26.86362,2.0
270.17628,-26.89357,2.0
264.28753,-23.68999,2.0
265.91342,-24.53167,2.0
271.30462,-27.35219,2.0
264.15212,-23.5058,2.0
270.79086,-27.04607,2.0
271.49081,-27.38583,2.0
269.8004,-26.50668,2.0
265.956,-24.4007,2.0
271.01079,-26.89087,2.0
271.81252,-27.26423,2.0
270.54669,-26.61885,2.0
266.6625,-24.44092,2.0
262.929,-22.2769,2.0
266.19292,-24.11636,2.0
271.35955,-26.81748,2.0
271.24794,-26.75469,2.0
271.24546,-26.70972,2.0
261.55126,-21.29861,2.0
265.37001,-23.53866,2.0
271.73331,-26.88167,2.0
271.33354,-26.52911,2.0
267.13752,-24.29334,2.0
270.32875,-25.88918,2.0
272.62875,-27.00495,2.0
272.00085,-26.62723,2.0
263.38753,-21.85639,2.0
270.32047,-25.37724,2.0
263.82081,-21.77497,2.0
269.77043,-25.03023,2.0
273.70082,-26.98689,2.0
266.07106,-22.91582,2.0
267.19173,-23.44083,2.0
266.32083,-22.91608,2.0
280.21086,-29.52311,2.0
270.96821,-25.28349,2.0
271.76378,-25.59525,2.0
265.72792,-22.23777,2.0
272.835,-25.9555,2.0
264.42275,-21.44066,2.0
279.47752,-28.45867,2.0
264.60713,-20.87165,2.0
268.43876,-22.90033,2.0
266.27708,-21.6992,2.0
271.92062,-24.65561,2.0
269.13837,-23.19639,2.0
263.55716,-20.01404,2.0
278.93578,-27.85585,2.0
267.9169,-22.38821,2.0
268.36797,-22.57305,2.0
274.50624,-25.68419,2.0
273.36247,-25.09779,2.0
275.44248,-26.02921,2.0
273.849,-25.2291,2.0
262.05839,-18.74196,2.0
266.045,-21.0507,2.0
274.71127,-25.52666,2.0
268.90271,-22.21312,2.0
275.24028,-25.40623,2.0
263.62633,-19.01694,2.0
275.24496,-25.17167,2.0
265.89165,-20.23216,2.0
267.30732,-21.02871,2.0
278.33954,-26.54111,2.0
274.00076,-24.45944,2.0
263.31623,-18.60448,2.0
268.89457,-21.71058,2.0
280.47851,-27.27849,2.0
268.92694,-21.6718,2.0
272.91894,-23.62114,2.0
268.12881,-21.0347,2.0
268.76498,-21.31059,2.0
269.60209,-21.66084,2.0
272.30271,-23.06576,2.0
267.11416,-20.27524,2.0
266.81457,-19.95774,2.0
283.21213,-27.81911,2.0
267.24256,-20.15833,2.0
274.8335,-24.08454,2.0
269.66919,-21.21278,2.0
276.18041,-24.27523,2.0
273.80401,-23.01812,2.0
269.49309,-20.74834,2.0
273.29444,-22.55751,2.0
270.25455,-20.95944,2.0
275.28708,-23.4022,2.0
267.78624,-19.42976,2.0
273.73413,-22.34359,2.0
273.5505,-22.24697,2.0
274.08225,-22.38035,2.0
277.98475,-23.93546,2.0
272.79417,-21.38717,2.0
272.91258,-21.01231,2.0
276.03123,-22.43718,2.0
267.697,-18.0582,2.0
267.94374,-18.06918,2.0
273.90399,-21.22259,2.0
273.39742,-20.95128,2.0
265.26947,-16.41364,2.0
271.73043,-19.93839,2.0
269.77125,-18.88947,2.0
269.55983,-18.69044,2.0
276.05496,-21.74564,2.0
270.03423,-18.576,2.0
274.51834,-20.73722,2.0
271.12172,-18.71137,2.0
275.22433,-20.80344,2.0
278.61463,-22.36839,2.0
277.67579,-21.53056,2.0
266.28086,-14.88969,2.0
275.4325,-19.66333,2.0
275.07333,-19.44316,2.0
283.77033,-23.47019,2.0
270.48209,-17.03107,2.0
269.29376,-15.93836,2.0
271.23949,-16.9813,2.0
277.84547,-20.03548,2.0
271.22034,-16.5641,2.0
271.04367,-16.46237,2.0
270.39488,-16.03858,2.0
268.94313,-15.04536,2.0
278.19122,-19.8247,2.0
272.55654,-16.79467,2.0
265.74127,-12.9467,2.0
276.39798,-18.6622,2.0
278.14429,-19.23528,2.0
270.65954,-14.70081,2.0
272.13291,-15.11054,2.0
273.37083,-15.72189,2.0
282.35075,-19.87039,2.0
271.91319,-14.4247,2.0
272.14614,-14.11195,2.0
273.77663,-14.95575,2.0
269.2809,-12.50082,2.0
282.04613,-18.49353,2.0
277.23246,-15.82167,2.0
276.00871,-15.09253,2.0
272.40085,-12.99944,2.0
270.91336,-12.16612,2.0
277.01088,-15.27267,2.0
269.08917,-10.95995,2.0
276.96143,-15.07332,2.0
277.12747,-14.68944,2.0
284.31888,-17.84694,2.0
274.75946,-13.11764,2.0
273.39021,-12.3465,2.0
277.96,-14.25575,2.0
274.61225,-12.40424,2.0
276.87378,-13.47178,2.0
271.36754,-10.34531,2.0
277.67668,-13.5192,2.0
278.01896,-13.43756,2.0
277.83646,-13.32719,2.0
275.72356,-11.88593,2.0
277.97072,-12.93717,2.0
276.01674,-11.43755,2.0
286.63663,-16.56678,2.0
279.45917,-12.82774,2.0
275.21199,-10.16187,2.0
283.56213,-14.33256,2.0
275.06414,-10.0414,2.0
279.78692,-12.32004,2.0
287.76833,-15.76858,2.0
281.03175,-12.44725,2.0
274.27175,-8.94706,2.0
281.317,-12.5277,2.0
276.60875,-9.89059,2.0
275.52372,-9.23583,2.0
275.1825,-8.16714,2.0
279.93611,-9.88761,2.0
280.74039,-9.83064,2.0
277.83168,-8.09524,2.0
278.67328,-8.40558,2.0
280.34585,-9.06836,2.0
279.86321,-8.61923,2.0
284.63657,-10.90814,2.0
277.20017,-6.86666,2.0
282.13628,-9.20053,2.0
278.09541,-7.11592,2.0
275.61337,-5.4878,2.0
286.88527,-10.72909,2.0
287.77783,-10.82147,2.0
285.65617,-9.66821,2.0
276.98916,-5.173,2.0
276.57333,-4.58975,2.0
280.665,-6.61701,2.0
282.88042,-7.54143,2.0
277.3925,-4.52726,2.0
281.12082,-6.05695,2.0
280.99114,-5.93897,2.0
280.20542,-5.49565,2.0
280.57596,-5.65164,2.0
276.06708,-3.30556,2.0
280.79438,-5.69697,2.0
278.97434,-4.669,2.0
278.79831,-4.485,2.0
281.22721,-5.29211,2.0
281.18992,-5.06517,2.0
282.37202,-5.62669,2.0
281.06842,-4.88153,2.0
281.20681,-4.89991,2.0
278.12992,-3.29575,2.0
280.1055,-4.25935,2.0
282.169,-4.59842,2.0
283.83096,-5.17436,2.0
281.27583,-3.72678,2.0
280.81377,-3.42414,2.0
279.04452,-2.4538,2.0
282.80071,-4.14858,2.0
283.37769,-4.23576,2.0
280.73763,-2.76664,2.0
280.98708,-2.53555,2.0
285.31081,-4.49246,2.0
281.51127,-2.55223,2.0
280.26896,-1.68044,2.0
281.94767,-2.25825,2.0
283.89397,-2.67404,2.0
283.23268,-2.18236,2.0
283.672,-1.85428,2.0
283.70097,-1.65611,2.0
280.938,0.03939,2.0
283.82045,-1.28252,2.0
283.10056,-0.74621,2.0
281.25295,0.3564,2.0
279.79926,1.10697,2.0
282.71313,-0.35839,2.0
283.10634,-0.55728,2.0
282.94793,-0.47477,2.0
287.38192,-2.70829,2.0
280.5475,0.84216,2.0
283.85711,-0.80632,2.0
285.43033,-1.49356,2.0
286.56371,-1.556,2.0
289.31919,-2.67388,2.0
285.01388,-0.23367,2.0
281.93912,1.54639,2.0
285.93071,-0.45003,2.0
284.21313,0.48158,2.0
285.40012,0.00302,2.0
284.85745,0.29301,2.0
289.28129,-1.20697,2.0
284.49821,2.11872,2.0
287.85319,0.46255,2.0
291.2404,0.64428,2.0
289.28038,2.00282,2.0
290.43542,1.54461,2.0
290.33707,1.60394,2.0
292.21367,2.89861,2.0
93.83483,-0.43042,2.0
102.66872,0.2278,2.0
106.2358,-0.18748,2.0
102.78038,-2.95197,2.0
100.57667,-4.29684,2.0
110.95108,0.60875,2.0
99.99207,-5.91575,2.0
105.64338,-3.409,2.0
108.44972,-4.0855,2.0
108.46299,-4.54952,2.0
105.28921,-7.82331,2.0
110.58446,-6.36556,2.0
103.556,-10.76064,2.0
106.46475,-9.40511,2.0
108.88521,-8.44696,2.0
105.02392,-11.73017,2.0
109.03392,-10.88358,2.0
107.935,-12.6347,2.0
109.94456,-12.37974,2.0
106.41125,-14.31769,2.0
109.4895,-13.56881,2.0
111.95416,-12.99172,2.0
102.26137,-18.2772,2.0
111.78454,-17.12057,2.0
111.1805,-17.96139,2.0
120.24625,-16.59369,2.0
115.97979,-19.86611,2.0
112.69546,-21.86221,2.0
122.25596,-16.83383,2.0
114.52711,-21.92527,2.0
110.55955,-24.5172,2.0
116.8275,-21.78028,2.0
114.90883,-27.15842,2.0
111.51999,-28.97308,2.0
113.07292,-28.4215,2.0
116.83925,-27.48781,2.0
118.29163,-28.05186,2.0
113.3503,-31.13463,2.0
115.59904,-32.79747,2.0
125.32628,-27.92663,2.0
130.83253,-25.24163,2.0
120.12417,-32.20894,2.0
128.57533,-28.31758,2.0
116.41955,-35.58902,2.0
120.80275,-33.51722,2.0
116.14204,-35.89915,2.0
131.1577,-27.62081,2.0
114.10493,-39.02525,2.0
125.21908,-35.27561,2.0
125.21007,-35.60036,2.0
136.21704,-30.53983,2.0
119.60959,-42.73139,2.0
126.44825,-40.21944,2.0
124.8321,-44.38527,2.0
124.57002,-45.29921,2.0
129.60574,-43.67665,2.0
137.95205,-42.08608,2.0
143.07429,-38.45792,2.0
130.09292,-48.70839,2.0
130.97371,-48.35627,2.0
140.38251,-43.36836,2.0
141.869,-43.7961,2.0
136.42088,-47.90172,2.0
136.36838,-48.38226,2.0
131.04925,-54.32555,2.0
133.83808,-53.17711,2.0
142.17071,-49.61297,2.0
141.02782,-50.89028,2.0
138.53534,-52.53886,2.0
137.00876,-55.37218,2.0
138.33589,-54.76009,2.0
136.42374,-55.81505,2.0
145.17038,-50.70635,2.0
139.61037,-54.52695,2.0
143.75547,-52.65504,2.0
138.51448,-55.92278,2.0
141.06292,-55.10692,2.0
145.50499,-52.345,2.0
136.954,-57.3818,2.0
148.65619,-50.44915,2.0
149.54288,-50.65917,2.0
142.85829,-55.5956,2.0
145.753,-53.9743,2.0
142.7042,-57.27253,2.0
149.35962,-53.95247,2.0
145.21882,-56.96665,2.0
152.12674,-52.03765,2.0
152.51711,-51.78004,2.0
151.8009,-53.07914,2.0
144.18156,-59.08796,2.0
145.10955,-59.76224,2.0
143.26336,-61.35499,2.0
151.45709,-58.27471,2.0
156.14086,-56.0089,2.0
153.60029,-58.19775,2.0
150.32821,-61.86775,2.0
160.18825,-54.30347,2.0
151.96373,-61.40668,2.0
154.86497,-60.98612,2.0
156.44279,-61.25641,2.0
159.03827,-59.15554,2.0
161.80497,-58.82293,2.0
163.38313,-59.05059,2.0
161.71217,-61.15567,2.0
164.51208,-58.89273,2.0
166.92874,-56.70778,2.0
161.18571,-63.5414,2.0
161.59868,-63.45238,2.0
161.69051,-63.46971,2.0
163.65167,-62.00412,2.0
170.47168,-53.65098,2.0
166.918,-58.9197,2.0
166.51479,-59.42769,2.0
166.919,-58.9531,2.0
167.00413,-59.575,2.0
164.2902,-62.56114,2.0
166.11788,-62.00719,2.0
173.66075,-52.72585,2.0
171.212,-57.1861,2.0
169.79507,-60.03471,2.0
166.48541,-64.60751,2.0
172.20308,-59.04471,2.0
171.428,-60.24253,2.0
170.34035,-61.76845,2.0
173.32308,-57.35972,2.0
171.94783,-60.56027,2.0
172.45994,-60.20223,2.0
172.05347,-61.35087,2.0
172.74558,-61.24751,2.0
175.15329,-60.36949,2.0
176.18331,-59.43423,2.0
173.40701,-64.28914,2.0
173.94322,-64.10521,2.0
175.18383,-64.91636,2.0
176.28932,-63.48157,2.0
174.31512,-68.11246,2.0
180.0679,-59.07885,2.0
180.14958,-59.49692,2.0
179.44802,-62.43933,2.0
179.26327,-63.21218,2.0
181.46458,-57.77386,2.0
177.61497,-67.08252,2.0
182.37147,-55.89271,2.0
180.575,-61.21258,2.0
181.60611,-61.37891,2.0
180.80168,-64.0614,2.0
183.20154,-60.72108,2.0
181.40717,-66.0058,2.0
184.03801,-60.65889,2.0
183.11673,-64.11974,2.0
180.73225,-70.02306,2.0
183.44326,-63.74971,2.0
185.25294,-59.12583,2.0
184.50367,-62.76059,2.0
183.39921,-66.72019,2.0
184.78427,-63.78365,2.0
186.05948,-60.39247,2.0
185.99133,-62.60608,2.0
187.48999,-58.65173,2.0
186.66067,-66.83028,2.0
188.71751,-58.72282,2.0
189.38718,-56.67943,2.0
188.83931,-63.30017,2.0
188.56847,-66.86365,2.0
190.18457,-53.79061,2.0
189.94283,-60.80481,2.0
190.6009,-64.99019,2.0
190.83083,-64.46697,2.0
191.11425,-62.52189,2.0
191.24802,-66.01724,2.0
192.31035,-64.24083,2.0
192.51835,-63.78115,2.0
193.82396,-62.85056,2.0
194.29,-60.87683,2.0
194.46385,-62.27005,2.0
195.0885,-56.36067,2.0
197.25715,-64.95495,2.0
197.37861,-64.25888,2.0
198.82792,-65.91717,2.0
199.26325,-67.68611,2.0
198.87647,-63.64543,2.0
198.51741,-58.10806,2.0
199.71092,-63.98168,2.0
199.85007,-64.31479,2.0
200.73064,-63.50944,2.0
201.13419,-64.80361,2.0
201.04865,-64.30311,2.0
201.0698,-63.33499,2.0
199.57786,-56.01998,2.0
201.63621,-64.11954,2.0
204.30906,-69.13726,2.0
202.54561,-64.64083,2.0
201.59045,-61.05222,2.0
204.34342,-67.85191,2.0
201.80834,-60.53612,2.0
203.02342,-64.20808,2.0
201.87673,-60.53291,2.0
204.60882,-64.94503,2.0
204.47861,-62.98175,2.0
203.05831,-58.86057,2.0
205.28127,-64.46502,2.0
203.7625,-60.26278,2.0
203.37784,-57.74498,2.0
204.096,-59.89011,2.0
210.15425,-66.79953,2.0
208.59308,-63.62161,2.0
210.54166,-65.59278,2.0
212.37137,-64.36555,2.0
207.94331,-54.495,2.0
212.1971,-62.49941,2.0
209.91582,-57.48029,2.0
212.22158,-61.10454,2.0
209.69018,-55.87956,2.0
212.98502,-58.19766,2.0
211.38436,-55.12903,2.0
217.21181,-62.57026,2.0
215.02709,-59.56504,2.0
214.157,-58.15894,2.0
217.71906,-62.85439,2.0
215.99879,-59.39386,2.0
218.03833,-61.64669,2.0
217.43292,-60.05472,2.0
219.57537,-61.66723,2.0
227.59175,-67.90669,2.0
223.1507,-64.03945,2.0
220.38402,-61.2383,2.0
224.8255,-65.18695,2.0
219.47167,-59.82362,2.0
214.38396,-52.43917,2.0
221.9076,-61.45638,2.0
214.60746,-51.74423,2.0
227.027,-64.93022,2.0
223.51417,-61.77499,2.0
218.36104,-55.95522,2.0
220.11409,-58.0386,2.0
225.67135,-63.2503,2.0
216.13582,-51.6444,2.0
225.99463,-62.96192,2.0
221.79157,-57.06249,2.0
226.16497,-61.21974,2.0
220.17702,-53.83666,2.0
223.35338,-57.24694,2.0
224.39867,-58.20249,2.0
227.83736,-61.148,2.0
226.96021,-59.42083,2.0
230.31951,-62.05909,2.0
222.90663,-54.54061,2.0
223.42089,-54.80247,2.0
229.85491,-60.54389,2.0
233.24698,-62.05111,2.0
234.44125,-61.99667,2.0
232.45257,-60.58109,2.0
230.7427,-59.2957,2.0
230.74553,-57.49981,2.0
231.10017,-57.77246,2.0
230.8439,-57.18006,2.0
229.35267,-55.63958,2.0
228.64327,-54.60388,2.0
232.712,-58.02465,2.0
230.12414,-55.29536,2.0
238.097,-60.15477,2.0
234.79418,-57.16413,2.0
230.11461,-52.72356,2.0
238.29662,-57.63644,2.0
237.08878,-56.49887,2.0
237.83447,-56.89752,2.0
237.51916,-56.65363,2.0
233.33601,-53.31688,2.0
227.43506,-47.1187,2.0
237.82884,-56.35556,2.0
238.71246,-56.86608,2.0
240.61455,-57.23562,2.0
231.30868,-49.96128,2.0
235.37298,-52.7302,2.0
249.42457,-60.98335,2.0
236.79083,-52.24528,2.0
240.98255,-55.08901,2.0
243.46518,-56.55439,2.0
238.23672,-52.90336,2.0
233.39163,-48.57347,2.0
233.27863,-48.41239,2.0
244.97851,-56.63724,2.0
241.66139,-54.12251,2.0
244.60563,-55.40381,2.0
241.40589,-53.33169,2.0
243.8345,-54.62333,2.0
234.01544,-47.19253,2.0
239.28079,-51.46695,2.0
244.11834,-54.63282,2.0
243.2585,-54.10897,2.0
244.33252,-54.75335,2.0
237.21726,-49.61329,2.0
237.11021,-49.059,2.0
238.98584,-50.23562,2.0
244.2259,-53.41112,2.0
243.84082,-52.90364,2.0
240.9737,-50.28108,2.0
246.01205,-52.83483,2.0
239.15081,-47.89468,2.0
248.58541,-54.08443,2.0
244.67831,-51.7959,2.0
250.73247,-55.03107,2.0
244.98953,-51.52975,2.0
246.60082,-52.28272,2.0
239.56092,-46.62834,2.0
250.26825,-53.04019,2.0
244.95874,-49.11442,2.0
243.16929,-47.83727,2.0
253.60425,-53.64556,2.0
248.67097,-51.03511,2.0
264.14008,-57.60656,2.0
241.77213,-46.33221,2.0
243.71792,-47.70309,2.0
254.57102,-53.69578,2.0
250.84836,-51.49127,2.0
263.74633,-56.82335,2.0
249.43702,-49.96387,2.0
244.60712,-45.85673,2.0
240.2579,-42.15,2.0
255.24468,-51.61182,2.0
254.49887,-50.29222,2.0
248.49165,-46.83529,2.0
248.71326,-46.47448,2.0
246.97241,-45.2609,2.0
254.4975,-49.55939,2.0
247.27083,-45.09586,2.0
255.675,-49.72247,2.0
252.54086,-47.78469,2.0
253.30127,-48.20184,2.0
249.24475,-45.49142,2.0
248.79305,-44.97793,2.0
242.87788,-40.64277,2.0
246.003,-42.88,2.0
249.8429,-45.27641,2.0
247.77939,-43.90851,2.0
246.92173,-43.15085,2.0
255.45497,-48.06394,2.0
262.82846,-51.36669,2.0
258.8593,-49.65769,2.0
248.67962,-43.30002,2.0
254.27632,-46.56657,2.0
245.43253,-40.67338,2.0
248.13115,-42.34931,2.0
251.61498,-44.04028,2.0
248.70713,-42.06196,2.0
250.57749,-42.24589,2.0
256.60503,-45.45112,2.0
255.51794,-44.72224,2.0
255.84983,-44.84167,2.0
260.14702,-46.55499,2.0
256.70553,-44.57629,2.0
263.36581,-46.96606,2.0
253.4804,-41.73328,2.0
256.98744,-43.15137,2.0
252.58403,-40.50088,2.0
253.67989,-40.69629,2.0
259.47188,-43.86605,2.0
260.77526,-44.32121,2.0
259.80684,-43.60953,2.0
249.69172,-37.52862,2.0
252.922,-39.50758,2.0
265.0263,-45.0727,2.0
253.96628,-39.00582,2.0
253.63569,-38.75093,2.0
254.00723,-38.69741,2.0
259.88039,-41.88586,2.0
251.59045,-36.6217,2.0
254.43679,-38.44661,2.0
244.62584,-31.33109,2.0
267.69035,-44.63944,2.0
245.40802,-31.35807,2.0
257.29208,-39.51847,2.0
258.70545,-40.10249,2.0
256.07067,-38.33261,2.0
256.2463,-38.40111,2.0
259.45548,-39.76623,2.0
256.36292,-37.81353,2.0
258.81722,-39.0634,2.0
262.48986,-40.72968,2.0
261.64282,-39.83893,2.0
257.5513,-37.54752,2.0
261.1279,-38.99553,2.0
252.18833,-33.31567,2.0
257.39125,-36.49028,2.0
261.90346,-38.8524,2.0
256.50797,-35.74362,2.0
253.53438,-33.73294,2.0
256.60215,-35.47721,2.0
265.10233,-39.83044,2.0
253.75497,-33.16972,2.0
264.27178,-38.62145,2.0
263.71992,-38.28842,2.0
263.5833,-38.15165,2.0
257.58254,-34.57633,2.0
258.07919,-34.8686,2.0
264.82165,-38.49555,2.0
263.87086,-37.9906,2.0
264.54583,-37.89467,2.0
264.04211,-37.2855,2.0
257.34084,-33.4631,2.0
255.67958,-32.31922,2.0
258.99161,-34.11195,2.0
265.95412,-37.83032,2.0
266.91623,-38.19523,2.0
259.48417,-33.82423,2.0
263.59275,-36.01328,2.0
253.71899,-30.01442,2.0
258.79333,-33.23001,2.0
266.74873,-37.42665,2.0
259.68705,-33.25665,2.0
257.97834,-32.17477,2.0
265.209,-36.1296,2.0
264.56745,-35.77474,2.0
265.08933,-35.85856,2.0
260.64729,-33.28728,2.0
259.7924,-32.78978,2.0
265.18997,-35.73282,2.0
256.499,-30.6641,2.0
266.38,-36.1659,2.0
268.694,-37.1467,2.0
258.95126,-31.98942,2.0
263.55713,-34.43332,2.0
258.04212,-31.24443,2.0
257.68083,-30.54111,2.0
260.76754,-32.38614,2.0
258.2246,-30.83116,2.0
260.54874,-32.17919,2.0
267.06796,-35.64194,2.0
265.12707,-34.62145,2.0
267.73381,-35.81363,2.0
260.34872,-31.83111,2.0
259.977,-31.5794,2.0
261.31604,-32.26989,2.0
258.16271,-30.36078,2.0
259.90417,-31.35269,2.0
266.18127,-34.74046,2.0
267.846,-35.5223,2.0
260.67001,-31.66526,2.0
257.699,-29.7772,2.0
259.69462,-30.92475,2.0
265.49608,-34.09281,2.0
268.626,-35.5534,2.0
258.39625,-29.96089,2.0
266.78467,-34.59528,2.0
267.73709,-35.0128,2.0
266.715,-34.4679,2.0
266.26542,-34.2245,2.0
259.97827,-30.74946,2.0
268.57248,-35.26085,2.0
259.01708,-30.03783,2.0
260.12582,-30.69612,2.0
267.49538,-34.64388,2.0
258.70123,-29.77972,2.0
262.29583,-31.87908,2.0
266.1162,-33.92222,2.0
260.17954,-30.64339,2.0
259.65493,-30.32362,2.0
265.22876,-33.40502,2.0
262.12972,-31.53578,2.0
260.38225,-30.45547,2.0
268.41567,-34.72783,2.0
260.84791,-30.64448,2.0
259.94654,-30.06558,2.0
265.78002,-33.26501,2.0
265.38914,-33.03752,2.0
268.27041,-34.47755,2.0
261.24313,-30.71778,2.0
266.76979,-33.68408,2.0
261.59832,-30.76079,2.0
267.77881,-34.02804,2.0
259.17396,-29.2725,2.0
267.34915,-33.79474,2.0
261.38916,-30.56583,2.0
258.94211,-29.08449,2.0
266.86472,-33.44407,2.0
266.1167,-32.86977,2.0
262.03202,-30.63837,2.0
267.8362,-33.65366,2.0
268.51208,-33.98097,2.0
262.05911,-30.53723,2.0
269.2009,-34.24222,2.0
257.18709,-27.51721,2.0
266.29084,-32.77135,2.0
269.25242,-34.17805,2.0
263.64308,-31.03544,2.0
262.34624,-30.28012,2.0
257.81167,-27.19195,2.0
263.49292,-30.49586,2.0
259.25667,-27.99147,2.0
266.86878,-32.26284,2.0
268.00225,-32.73583,2.0
262.89375,-29.92689,2.0
270.59914,-33.84668,2.0
267.40792,-32.27439,2.0
263.60831,-30.25501,2.0
268.04917,-32.5521,2.0
271.697,-34.2678,2.0
268.06665,-32.5019,2.0
269.93839,-33.35361,2.0
263.6942,-30.07251,2.0
269.60792,-33.08378,2.0
263.50707,-29.90976,2.0
268.48213,-32.48011,2.0
262.841,-29.46439,2.0
263.41003,-29.75833,2.0
263.62089,-29.74138,2.0
267.70229,-31.87411,2.0
260.12833,-27.32774,2.0
262.80958,-28.84358,2.0
271.06258,-33.1083,2.0
263.41854,-29.14267,2.0
267.82713,-31.46779,2.0
269.18213,-31.95915,2.0
268.15208,-31.2742,2.0
262.36166,-28.07662,2.0
273.512,-33.6808,2.0
261.99787,-27.79863,2.0
267.91164,-30.99831,2.0
261.22746,-27.27294,2.0
270.82125,-32.30694,2.0
262.1833,-27.72748,2.0
262.93039,-28.09977,2.0
263.07295,-28.10948,2.0
269.12,-31.2107,2.0
268.41546,-30.85678,2.0
264.60958,-28.78425,2.0
268.80451,-30.97029,2.0
268.31786,-30.64445,2.0
271.77918,-32.2561,2.0
263.80025,-28.15861,2.0
269.46538,-31.10304,2.0
269.85623,-31.28164,2.0
262.69993,-27.4417,2.0
267.933,-30.2118,2.0
261.9933,-26.8958,2.0
268.49751,-30.36362,2.0
264.23668,-28.07833,2.0
263.14954,-27.40781,2.0
271.37586,-31.67115,2.0
262.94915,-27.15524,2.0
264.549,-28.002,2.0
269.02746,-30.32636,2.0
268.20488,-29.88362,2.0
281.46135,-33.34272,2.0
273.253,-29.4196,2.0
286.39977,-33.19379,2.0
263.83925,-20.95639,2.0
266.90942,-22.10545,2.0
262.24008,-19.26495,2.0
266.38214,-20.96716,2.0
264.73907,-18.29327,2.0
267.6181,-19.05252,2.0
283.87773,-21.82768,2.0
270.27744,-14.50593,2.0
285.57342,-21.44758,2.0
284.76572,20.61702,2.0
322.49293,12.16743,2.0
301.00041,49.3185,2.0
3.22917,69.17333,2.0
71.67933,44.46711,2.0
102.66963,-22.43644,2.0
153.89614,-58.85288,2.0
163.646,-59.1629,2.0
185.97333,-60.22039,2.0
211.403,-64.6839,2.0
243.14145,-54.39435,2.0
249.90625,-52.82019,2.0
256.41211,-43.93899,2.0
260.40828,-28.92065,2.0
270.34247,-33.2953,2.0
252.77641,-32.38345,2.0
253.94701,-29.8384,2.0
255.646,-30.3208,2.0
256.547,-31.3007,2.0
256.86899,-36.3955,2.0
257.1425,-35.8017,2.0
257.26801,-35.0879,2.0
257.35699,-24.7209,2.0
258.75,-34.2938,2.0
258.94501,-42.4017,2.0
258.9522,-35.17624,2.0
258.95801,-22.5,2.0
258.96961,-31.3675,2.0
259.26199,-31.4913,2.0
259.702,-37.1071,2.0
259.758,-31.7944,2.0
259.85901,-22.8032,2.0
260.72247,-25.41653,2.0
261.16892,-40.87238,2.0
262.47238,-29.95287,2.0
263.02399,-17.1144,2.0
263.68142,-29.78478,2.0
263.75362,-29.37102,2.0
263.759,-25.3973,2.0
263.90616,-29.22157,2.0
263.97363,-22.33394,2.0
264.43701,-32.2583,2.0
264.53101,-27.3376,2.0
264.61529,-28.86689,2.0
264.685,-28.1118,2.0
264.84429,-29.69597,2.0
264.967,-27.739,2.0
265.096,-27.82,2.0
265.12701,-33.4991,2.0
265.14539,-28.69311,2.0
265.16066,-28.01709,2.0
265.176,-28.2088,2.0
265.28933,-28.46486,2.0
265.41212,-21.74269,2.0
265.47826,-27.05534,2.0
265.617,-27.2256,2.0
265.7076,-27.35529,2.0
265.71072,-36.22643,2.0
265.847,-27.1864,2.0
265.8764,-26.79226,2.0
266.13572,-24.22418,2.0
266.40533,-27.02156,2.0
266.6836,-27.05662,2.0
266.82401,-33.2609,2.0
266.883,-24.2186,2.0
267.23344,-31.11191,2.0
267.33342,-30.60155,2.0
267.36137,-20.90884,2.0
267.41558,-24.53714,2.0
267.46848,-30.55058,2.0
267.69921,-29.88708,2.0
267.69998,-29.41208,2.0
267.95324,-30.04262,2.0
268.07422,-18.86734,2.0
268.09601,-35.0716,2.0
268.19,-28.8108,2.0
268.19901,-29.2897,2.0
268.25,-28.7349,2.0
268.32379,-28.07575,2.0
268.33254,-28.45407,2.0
268.36246,-29.13783,2.0
268.36499,-28.1968,2.0
268.39899,-28.8734,2.0
268.55521,-28.08783,2.0
268.6715,-31.52894,2.0
268.84517,-28.33586,2.0
268.94275,-27.89394,2.0
268.97034,-30.26145,2.0
269.14099,-28.5083,2.0
269.2525,-36.25443,2.0
269.60841,-14.4231,2.0
269.86129,-42.41372,2.0
269.979,-32.9866,2.0
269.996,-32.5995,2.0
271.302,-30.7037,2.0
272.14564,-31.1144,2.0
272.582,-18.6528,2.0
272.91626,-34.00611,2.0
273.06067,-31.33347,2.0
273.41765,-23.96084,2.0
274.448,-24.0441,2.0
275.48001,-27.1629,2.0
275.768,-17.8921,2.0
277.25149,-18.17959,2.0
277.533,-21.0848,2.0
277.64198,-19.24593,2.0
280.91588,-19.80907,2.0
281.292,-23.35919,2.0
267.621,-30.0596,2.0
269.98099,-27.3214,2.0
270.45901,-27.9239,2.0
270.51901,-28.0608,2.0
270.72299,-28.1322,2.0
271.48099,-29.0461,2.0
267.15207,-24.27618,2.0
266.7175,-30.62856,2.0
267.54501,-37.0572,2.0
268.01798,-27.61068,2.0
297.495,30.2483,2.0
299.98258,34.48467,2.0
265.91434,-25.61181,2.0
53.99042,63.2783,2.0
60.873,52.14056,2.0
68.15879,60.3367,2.0
71.15733,37.65422,2.0
71.32771,59.15683,2.0
73.85208,52.9875,2.0
84.49171,17.105,2.0
90.19671,9.47778,2.0
95.42079,23.5869,2.0
101.603,8.48389,2.0
104.849,18.4469,2.0
257.41096,-9.01153,2.0
278.96425,10.95539,2.0
279.29429,4.47183,2.0
283.84083,15.19589,2.0
286.81596,18.87789,2.0
295.168,29.50292,2.0
296.76108,29.50694,2.0
299.34288,26.65228,2.0
300.84399,21.5978,2.0
300.93442,12.37378,2.0
301.70401,21.3572,2.0
302.13599,19.4753,2.0
302.4208,41.24522,2.0
305.048,24.0772,2.0
307.336,25.5444,2.0
308.60901,31.3092,2.0
313.26642,21.00303,2.0
313.86363,39.06644,2.0
315.33542,21.66838,2.0
317.33401,38.6017,2.0
320.00039,51.68493,2.0
320.22054,50.94401,2.0
320.789,38.9703,2.0
322.046,58.8763,2.0
326.852,63.086,2.0
336.91329,66.73597,2.0
351.80499,65.1564,2.0
358.54725,74.92611,2.0
3.391,67.3011,2.0
85.1865,31.74203,2.0
278.16667,13.96731,2.0
295.28201,19.1406,2.0
299.49701,4.79194,2.0
310.32501,27.585,2.0
320.504,55.075,2.0
322.49349,51.06654,2.0
284.41671,-18.60464,2.0
269.2735,-17.18608,2.0
50.7705,62.78678,2.0
268.97198,-11.0949,2.0
82.23658,36.05097,2.0
106.815,-5.16861,2.0
283.645,0.18462,2.0
226.57129,-41.75514,2.0
178.353,59.6658,2.0
343.68858,54.93363,2.0
268.13621,-17.68556,2.0
239.338,-54.5128,2.0
303.83938,38.0455,2.0
289.13101,36.1633,2.0
21.28313,63.948,2.0
295.18267,2.50883,2.0
284.435,10.8481,2.0
283.34201,8.505,2.0
38.9141,63.63998,2.0
348.26678,59.29441,2.0
292.19725,9.57725,2.0
295.99799,17.1503,2.0
322.68917,52.69639,2.0
332.82501,55.4783,2.0
81.37998,28.32956,2.0
300.07788,36.99283,2.0
265.13967,-29.77083,2.0
265.36579,-28.88089,2.0
267.36679,-29.34663,2.0
267.46158,-30.05292,2.0
267.58779,-28.65068,2.0
323.59684,52.62434,2.0
49.14183,46.89372,2.0
302.64014,44.1968,2.0
325.24608,58.97844,2.0
97.01692,12.77272,2.0
106.68668,-11.75568,2.0
109.9175,-7.21972,2.0
130.31292,-36.03289,2.0
262.29147,-42.54592,2.0
258.96506,-39.55229,2.0
272.65648,-39.88734,2.0
259.05942,-30.92661,2.0
267.93888,-32.05111,2.0
261.9105,-25.37389,2.0
266.12473,-27.34445,2.0
268.2472,-25.4576,2.0
279.141,-21.8174,2.0
276.734,-16.9514,2.0
268.06258,-11.17688,2.0
282.76545,-8.12229,2.0
272.91642,-0.81728,2.0
278.66101,0.13444,2.0
283.25822,6.73759,2.0
288.06758,10.60893,2.0
291.96399,14.02439,2.0
294.36458,16.89833,2.0
292.92199,22.72743,2.0
293.28762,22.97598,2.0
298.038,27.3086,2.0
302.38685,37.52137,2.0
126.774,-39.0375,2.0
130.87268,-48.91314,2.0
168.633,-61.0008,2.0
183.87763,-60.22246,2.0
190.83902,-68.21132,2.0
200.113,-63.8291,2.0
214.781,-67.5368,2.0
212.94263,-64.2734,2.0
226.38506,-60.81431,2.0
235.78006,-60.42255,2.0
237.62063,-59.98047,2.0
243.83876,-53.85979,2.0
238.36898,-48.72298,2.0
250.526,-49.75156,2.0
256.87738,-44.38063,2.0
276.86099,-17.4028,2.0
278.983,-16.3557,2.0
266.577,-34.2103,2.0
297.21938,22.42097,2.0
253.75181,-40.92629,2.0
277.11301,0.74583,2.0
336.487,60.1967,2.0
286.30204,16.22983,2.0
232.67336,-55.95766,2.0
250.5918,-44.89294,2.0
275.99983,-11.56073,2.0
268.4196,-29.71006,2.0
286.64,9.12222,2.0
288.40513,10.65914,2.0
271.16208,-20.62417,2.0
220.36583,-59.34944,2.0
264.77125,-26.8775,2.0
217.005,-60.47389,2.0
263.69114,-28.33899,2.0
267.54292,-29.36167,2.0
265.355,-27.57778,2.0
269.02625,-29.12611,2.0
276.51254,-10.19207,2.0
277.12095,-9.10329,2.0
286.43254,6.73704,2.0
287.74558,4.064,2.0
293.2871,15.89851,2.0
294.07338,27.34775,2.0
294.70689,31.62912,2.0
295.66908,27.8525,2.0
296.87029,22.47328,2.0
297.3791,27.50785,2.0
302.74175,28.74861,2.0
350.59875,57.77444,2.0
355.82528,63.95474,2.0
89.29883,28.38956,2.0
22.78738,61.38305,2.0
46.08875,62.3007,2.0
48.438,61.61833,2.0
52.77235,55.64762,2.0
74.1151,50.28899,2.0
74.69886,37.61134,2.0
90.86723,15.6857,2.0
91.05104,19.00874,2.0
97.40788,6.87226,2.0
98.09977,15.06954,2.0
284.16675,-0.63458,2.0
284.56605,7.63152,2.0
285.31465,11.69742,2.0
285.61379,2.13464,2.0
285.82928,14.42347,2.0
286.13729,9.28241,2.0
286.19997,12.31241,2.0
286.22527,10.30028,2.0
286.43268,11.00515,2.0
286.82562,4.68225,2.0
287.50472,14.36742,2.0
287.51414,3.37335,2.0
287.5921,11.09403,2.0
287.61423,3.67968,2.0
287.7698,6.14585,2.0
288.23118,14.54669,2.0
288.43987,17.79787,2.0
288.688,13.53885,2.0
289.31837,3.57982,2.0
289.319,18.25506,2.0
289.66846,7.52531,2.0
290.44464,17.34886,2.0
290.46683,13.87311,2.0
290.47476,14.51561,2.0
291.15142,15.73389,2.0
292.15733,24.84023,2.0
292.53875,19.35806,2.0
292.79488,19.48491,2.0
292.86254,11.9397,2.0
293.2746,13.48918,2.0
294.1396,15.56258,2.0
294.32783,20.35083,2.0
294.46783,27.18883,2.0
294.61624,26.96448,2.0
295.60847,21.75586,2.0
295.63708,15.00949,2.0
295.75554,21.90692,2.0
296.29447,27.15834,2.0
296.48432,23.47601,2.0
296.86495,23.13793,2.0
296.96631,31.30503,2.0
297.42057,26.25588,2.0
298.09039,31.98329,2.0
298.49256,31.35564,2.0
298.50372,31.93189,2.0
298.65187,31.55733,2.0
299.24003,26.95372,2.0
299.65196,29.38741,2.0
300.60135,30.81267,2.0
300.97314,35.38062,2.0
301.34192,36.99521,2.0
303.41259,33.25196,2.0
320.89708,48.78828,2.0
329.67628,53.50094,2.0
356.01585,60.54511,2.0
268.18763,-29.84983,2.0
202.97613,-64.20947,2.0
72.57375,41.91478,2.0
294.14948,27.06914,2.0
35.18777,63.19303,2.0
88.17838,26.35447,2.0
278.207,-0.94397,2.0
280.41846,-1.42158,2.0
281.44468,0.60878,2.0
282.22083,1.48117,2.0
283.28925,7.87806,2.0
283.34067,5.94497,2.0
284.98758,7.59569,2.0
286.32639,10.96403,2.0
287.47811,12.08201,2.0
288.78708,15.16431,2.0
289.08929,16.94414,2.0
289.3627,8.34361,2.0
289.84561,15.69367,2.0
289.9288,16.35778,2.0
290.03897,23.13794,2.0
290.95328,5.46664,2.0
291.47305,16.89206,2.0
292.26062,24.77967,2.0
293.88376,11.35436,2.0
294.22067,17.32797,2.0
294.41864,20.59662,2.0
296.70154,19.60308,2.0
297.05957,24.4575,2.0
297.48996,23.4335,2.0
297.86045,26.97749,2.0
304.97595,43.09989,2.0
308.44363,45.14447,2.0
316.91528,40.96453,2.0
321.53484,54.33761,2.0
325.13573,56.79767,2.0
279.53213,-31.88251,2.0
290.66182,24.55027,2.0
295.32979,24.5146,2.0
302.42583,24.1275,2.0
305.36029,30.09389,2.0
257.79208,-13.95944,2.0
264.68625,-12.95556,2.0
309.53829,61.91747,2.0
66.36192,35.10217,2.0
294.43237,-13.85556,2.0
33.116,47.45281,2.0
280.42459,65.19944,2.0
290.41225,38.31589,2.0
300.61396,55.56139,2.0
295.33763,3.12164,2.0
299.21457,39.71944,2.0
312.51181,37.88769,2.0
7.73642,61.40953,2.0
294.57308,23.76353,2.0
324.024,50.90258,2.0
318.7775,33.97167,2.0
105.02763,12.24481,2.0
195.92,-45.62289,2.0
305.90601,68.1205,2.0
280.44238,-7.8582,2.0
261.65196,-23.44414,2.0
266.15979,-10.64361,2.0
266.74517,-18.93369,2.0
267.53744,-24.10434,2.0
292.78708,43.41611,2.0
257.55722,-32.98079,2.0
80.48763,39.51736,2.0
138.38763,-52.04491,2.0
271.923,-17.85792,2.0
275.18481,-12.798,2.0
275.62521,-11.2788,2.0
307.28179,23.18592,2.0
280.505,8.77367,2.0
288.04304,16.77656,2.0
304.94233,15.23533,2.0
302.58938,18.19725,2.0
290.81265,27.12621,2.0
303.75729,20.42258,2.0
302.93491,24.835,2.0
312.24321,32.30411,2.0
299.5545,39.91133,2.0
314.54558,33.14253,2.0
314.93124,34.90639,2.0
332.55683,50.07594,2.0
53.0625,21.66194,2.0
95.98092,38.25403,2.0
85.52796,4.71742,2.0
227.80492,-42.17317,2.0
270.46707,-1.4387,2.0
283.10421,8.14549,2.0
285.91983,9.77756,2.0
286.07463,8.82119,2.0
286.26319,3.70711,2.0
298.43221,20.44329,2.0
300.17321,28.50647,2.0
302.40558,24.48427,2.0
307.44192,35.82401,2.0
311.05913,36.12701,2.0
320.46608,47.55045,2.0
354.67171,61.69613,2.0
296.6285,-9.3555,2.0
318.58346,43.69333,2.0
313.45875,46.78039,2.0
322.46798,50.90601,2.0
283.69125,36.50344,2.0
282.14442,6.55075,2.0
298.60258,20.88117,2.0
181.86846,54.02478,2.0
32.54354,65.42064,2.0
81.48596,7.80603,2.0
297.47375,18.67086,2.0
315.66129,44.77908,2.0
276.31363,0.03464,2.0
240.29229,-51.08992,2.0
267.67679,-20.99283,2.0
253.38054,-40.47881,2.0
287.98428,15.42367,2.0
91.13333,20.95028,2.0
332.69025,56.38706,2.0
93.46275,19.61883,2.0
252.25667,-38.46194,2.0
265.825,-45.47806,2.0
263.13917,-43.49472,2.0
263.16792,-40.74944,2.0
268.57225,-40.61717,2.0
262.095,-25.79111,2.0
264.09692,-25.09131,2.0
264.61875,-19.54639,2.0
310.50792,13.85417,2.0
110.51313,27.22597,2.0
107.42292,-62.24,2.0
124.17696,-72.99339,2.0
249.88167,-64.80278,2.0
289.31,-30.47,2.0
284.9675,-20.58,2.0
245.0675,-48.25611,2.0
245.68421,-47.20278,2.0
247.40708,-47.27139,2.0
252.79333,-47.77833,2.0
250.08833,-45.02,2.0
255.66458,-46.13361,2.0
254.76333,-44.71333,2.0
259.85792,-47.26333,2.0
255.98708,-44.83667,2.0
248.62625,-39.31694,2.0
244.65458,-17.40417,2.0
275.66242,-9.67236,2.0
287.09833,2.55028,2.0
287.21817,12.04481,2.0
290.79804,12.47736,2.0
297.47529,31.89961,2.0
301.63254,9.43911,2.0
303.06571,25.3705,2.0
310.36792,47.10917,2.0
312.94542,50.77778,2.0
314.29208,48.57472,2.0
266.78546,11.00581,2.0
295.86908,-13.74983,2.0
20.42796,68.78697,2.0
284.23083,-1.06417,2.0
287.53792,-1.87472,2.0
208.70667,-52.08,2.0
247.10258,-20.38564,2.0
18.6625,61.32889,2.0
218.64208,-56.30917,2.0
226.63654,-56.43472,2.0
228.04875,-55.74917,2.0
228.53,-56.085,2.0
231.6475,-55.32028,2.0
266.795,-16.66428,2.0
269.46708,-18.24833,2.0
269.58396,-16.20606,2.0
274.94643,-12.95034,2.0
286.239,7.73755,2.0
273.30064,-18.33536,2.0
273.97168,-15.76488,2.0
280.028,-7.69994,2.0
280.566,-5.0125,2.0
297.097,26.82411,2.0
88.10913,32.62356,2.0
299.31142,34.78639,2.0
250.09196,-49.54869,2.0
278.725,-12.18997,2.0
298.18925,32.42667,2.0
297.63983,30.25603,2.0
21.65,18.8555,2.0
274.37888,-55.47817,2.0
265.72467,-34.1505,2.0
271.08167,0.1345,2.0
194.71083,-64.80956,2.0
266.70025,-34.22842,2.0
269.55083,-28.57692,2.0
271.98196,-26.68725,2.0
262.34613,-29.08358,2.0
263.45167,-26.77317,2.0
268.50512,-34.66631,2.0
269.27717,-31.05681,2.0
271.282,-26.81056,2.0
63.5883,30.3919,2.0
103.21913,9.07297,2.0
309.03,46.03117,2.0
168.11396,-59.97722,2.0
329.398,61.85804,2.0
224.293,-58.06015,2.0
228.475,-57.19756,2.0
139.24375,-51.59394,2.0
226.5775,-61.07278,2.0
255.2655,-38.51103,2.0
168.17875,-58.35111,2.0
255.32575,-36.87286,2.0
280.69479,-9.84667,2.0
121.81583,-35.44417,2.0
254.90379,-35.50587,2.0
269.83196,-17.78747,2.0
182.29267,-58.76684,2.0
238.40817,-57.03564,2.0
260.15163,-38.21383,2.0
331.53354,57.63969,2.0
312.69096,50.20194,2.0
255.20033,-37.87949,2.0
159.336,-58.99529,2.0
155.61083,-58.78392,2.0
251.77333,-40.98317,2.0
273.96225,-20.39072,2.0
278.03254,-14.97858,2.0
281.36708,-5.51731,2.0
276.32125,-17.94122,2.0
241.89954,-53.01981,2.0
297.73804,33.79272,2.0
83.52788,39.93422,2.0
98.59438,7.37229,2.0
330.87771,61.49539,2.0
244.764,-51.70231,2.0
229.43954,-61.94211,2.0
350.95788,45.28179,2.0
61.70667,59.72947,2.0
183.02129,-67.7588,2.0
246.75004,-45.82897,2.0
243.90129,-52.56769,2.0
235.61354,-56.46783,2.0
131.32458,-38.30306,2.0
164.06438,-61.47389,2.0
217.68479,-58.2607,2.0
218.09571,-58.20124,2.0
251.81417,-50.24944,2.0
268.03567,-28.39386,2.0
88.46192,24.04086,2.0
301.99408,38.03625,2.0
305.20958,29.83086,2.0
323.78271,52.19232,2.0
325.56468,44.46787,2.0
294.94983,20.56946,2.0
64.36583,42.6012,2.0
142.60417,-50.27517,2.0
158.61579,-59.47967,2.0
192.65829,-63.91578,2.0
227.235,-59.55444,2.0
269.66971,-30.16728,2.0
202.36008,-63.6769,2.0
287.36942,19.58727,2.0
293.45808,22.25154,2.0
296.54542,17.10253,2.0
289.35462,20.87533,2.0
273.47888,-14.28526,2.0
287.60008,13.53939,2.0
302.36529,25.99397,2.0
33.89425,60.18358,2.0
272.01525,-24.84975,2.0
240.98125,-55.11694,2.0
137.989,-51.24028,2.0
296.96929,26.90649,2.0
299.916,31.23525,2.0
262.4625,-29.1175,2.0
263.68425,-28.17325,2.0
151.17458,-59.78083,2.0
218.76188,-49.41856,2.0
261.86171,-28.63864,2.0
268.94617,-29.11135,2.0
302.54133,46.72194,2.0
2.59029,48.78664,2.0
256.50796,-38.80995,2.0
263.05,-38.28639,2.0
305.42225,50.30848,2.0
307.97625,51.90241,2.0
309.99792,-3.68806,2.0
182.99025,-69.80928,2.0
240.38317,-61.99939,2.0
