3001.063898 1.1697033538373527e-13
3011.079410 1.160445373886747e-13
3021.131948 1.1601407075589098e-13
3031.211499 1.1581031180762642e-13
3041.328082 1.1926823999250544e-13
3051.481764 1.1498911970536462e-13
3061.672610 1.1587346965933062e-13
3071.890329 1.1450711259472486e-13
3082.145202 1.143666455892446e-13
3092.426795 1.1398797792001988e-13
3102.756083 1.137439990258797e-13
3113.112065 1.1444388318648867e-13
3123.505289 1.1325415198358519e-13
3133.925030 1.1300836901736948e-13
3144.392822 1.1272813240078678e-13
3154.887086 1.1261483024541955e-13
3165.418646 1.1253368941707302e-13
3175.987546 1.1238465507967747e-13
3186.582685 1.150582079939383e-13
3197.226317 1.1148738375475441e-13
3207.896119 8.749568039483113e-13
3218.603269 1.1098797117096832e-13
3229.347801 1.107376470860309e-13
3240.129747 1.1051979889103488e-13
3250.937539 1.1023619574150215e-13
3261.794322 1.1632763021884454e-13
3272.676849 1.0976615101233657e-13
3283.608571 1.0951422965322219e-13
3294.565923 1.0929483868571755e-13
3305.560676 1.0917230209826166e-13
3316.592847 1.0879044953915843e-13
3327.662447 1.0866703486787395e-13
3338.769489 1.0931501209132777e-13
3349.913981 1.0039429836513721e-12
3361.095929 1.0784442723284041e-13
3372.315338 1.0755970546880122e-13
3383.572208 1.0733888169714846e-13
3394.866538 1.0708614510322252e-13
3406.198326 1.0686518557728823e-13
3417.580382 1.0658058240411313e-13
3428.987148 2.5132954335831802e-12
3440.431346 1.0613870969649121e-13
3451.912961 1.0585492176701765e-13
3463.431976 1.056028010480761e-13
3475.001623 1.0535058567827582e-13
3486.595465 1.0572278996700147e-13
3498.240070 1.0487822649052329e-13
3509.908640 1.0465797596804028e-13
3521.628094 1.0431367274059262e-13
3533.384970 1.042172902422901e-13
3545.179232 1.0384306827052124e-13
3557.010842 1.0377726037510418e-13
3568.879757 1.0337349058576867e-13
3580.800004 1.0312353767256474e-13
3592.743486 1.0311847492856126e-13
3604.738389 1.0268599943146166e-13
3616.770589 1.0246747875110801e-13
3628.854480 1.0218833721066529e-13
3640.961198 1.0073106341058903e-13
3653.119678 4.502575827101423e-14
3665.315404 9.311167788829883e-14
3677.548309 7.916990034039856e-14
3689.818319 7.990524533520483e-14
3702.140399 7.947149281623549e-14
3714.499629 6.667546874774252e-14
3726.911172 7.840048756281075e-14
3739.344557 1.1437874102137246e-13
3751.830285 9.298295258304076e-14
3764.353021 5.873942823506605e-14
3776.928324 1.0503676852139489e-13
3789.540650 4.286314861366833e-14
3802.189898 1.1445171313210077e-13
3814.875961 5.0833930927095844e-14
3827.614808 4.217048258273697e-14
3840.390461 1.4035993940931393e-13
3853.219098 5.220153428305834e-14
3866.084522 1.3275902334505656e-13
3878.986611 4.167243160571572e-14
3891.941858 1.8948476743050994e-13
3904.933732 4.1037789032051616e-14
3917.962098 4.088006479368861e-14
3931.043775 5.4840032322138914e-14
3944.178958 4.050897132495579e-14
3957.333472 4.032458179166794e-14
3970.541424 2.765317736760438e-13
3983.803004 3.998590834376812e-14
3997.100870 3.9803388439156424e-14
4010.452509 3.9734116274118343e-14
4023.840341 6.056501647912449e-14
4037.264195 3.94279948378998e-14
4050.759909 3.910785534581851e-14
4064.273643 4.0044131880897395e-14
4077.841349 3.900050981614232e-14
4091.463204 3.882196492555775e-14
4105.120890 3.6983239425651663e-13
4118.814213 3.860517870946629e-14
4132.580453 3.8125261822151143e-14
4146.363556 3.811487298416802e-14
4160.219914 3.783006757347196e-14
4174.092713 3.765609017459624e-14
4188.039095 3.772817112345742e-14
4202.020854 6.754445826974033e-14
4216.037765 3.716533043120606e-14
4230.128865 3.702108266665657e-14
4244.255170 3.6877528699577735e-14
4258.416439 3.670772494744052e-14
4272.632458 3.667306794228716e-14
4286.903376 3.64507337673583e-14
4301.209039 3.6309782389620844e-14
4315.569623 3.6116051012385236e-14
4329.985273 3.6109594785849773e-14
4344.435415 6.617600049048396e-13
4358.940626 9.702695792292834e-14
4373.480052 3.5826262958662087e-14
4388.095665 3.563591091856019e-14
4402.745477 3.526236723952172e-14
4417.429192 3.512698579714669e-14
4432.189621 3.543739278617006e-14
4446.983918 3.48580549085184e-14
4461.833617 3.475070318505232e-14
4476.716844 3.6724731406423695e-14
4491.677554 3.4589639983884836e-14
4506.671730 3.4354475228289665e-14
4521.721475 3.419794669426068e-14
4536.804310 8.179435613947967e-14
4551.942628 3.3913210088788637e-14
4567.159421 3.3784654932314084e-14
4582.386118 3.373379371516515e-14
4597.691488 3.368315107845532e-14
4613.052736 3.376024447716746e-14
4628.446448 3.7701431768927615e-14
4643.895910 3.439593839071781e-14
4659.401207 3.507885010709361e-14
4674.962424 3.298100422172389e-14
4690.555498 1.2089960516347e-12
4706.228635 9.848369361983897e-14
4721.933459 7.217746374300077e-14
4737.694186 8.761610914309703e-14
4753.510884 3.234765322930176e-14
4769.383619 3.222784916274271e-14
4785.312454 3.2108594368598586e-14
4801.297449 3.198986925011722e-14
4817.313195 3.1871763223772127e-14
4833.410510 3.1778751939337595e-14
4849.538341 3.163690020204005e-14
4865.722199 1.2467832567578828e-12
4881.962127 3.142852513269974e-14
4898.258164 3.131265151981305e-14
4914.610347 3.1221634595710314e-14
4931.018709 3.2155590888279774e-14
4947.483281 3.121086909446971e-14
4964.004089 5.264458709097824e-13
4980.581156 3.078757978063137e-14
4997.214502 3.067382698121622e-14
5013.904145 1.4992940236559913e-12
5030.622326 3.047147143501062e-14
5047.424411 3.0454744815981126e-14
5064.282820 3.024600889290787e-14
5081.197554 3.013369499948129e-14
5098.140091 3.0045635866299984e-14
5115.167278 2.995762004223e-14
5132.250773 2.984596332081582e-14
5149.390564 2.973453952655395e-14
5166.557340 2.962344759675695e-14
5183.809470 2.9512461862357104e-14
5201.117830 2.97317728822431e-14
5218.482391 2.9314626121932075e-14
5235.903119 2.9204181809676145e-14
5253.379975 2.911734421194373e-14
5270.943405 2.900709498342982e-14
5288.532590 2.894376857264763e-14
5306.177763 2.881058289504382e-14
5323.909973 2.870076351592719e-14
5341.667158 2.8614372393981066e-14
5359.511672 2.85047913689884e-14
5377.412343 2.8418413494937692e-14
5395.337157 2.8309160778665315e-14
5413.349712 1.202170949400136e-13
5431.450568 2.811360446373932e-14
5449.575109 2.8004552613506793e-14
5467.755400 2.7918423013710178e-14
5486.024373 2.7809429183622593e-14
5504.349339 2.7723260241315458e-14
5522.696726 2.7614581622816253e-14
5541.133140 2.750593289707787e-14
5559.659139 2.741987447698762e-14
5578.206992 2.731149920616588e-14
5596.844640 2.7248077398769538e-14
5615.503433 2.7117576679437968e-14
5634.252215 2.7031946412004815e-14
5653.091543 2.692401830180623e-14
5671.951367 2.6838666059583497e-14
5690.866373 2.6110117109026998e-14
5709.872180 2.387969142729878e-14
5728.933326 2.3779139936945948e-14
5748.085903 2.3788870924701343e-14
5767.257467 2.360067827102977e-14
5786.520600 2.352267894326857e-14
5805.838864 2.3816646491899822e-14
5825.212072 2.334538998612658e-14
5844.677518 2.3246111869735163e-14
5864.160278 2.3168953306646393e-14
5883.773361 2.939544820372261e-14
5903.403345 2.299331445832903e-14
5923.126251 2.2895057286836466e-14
5942.865112 3.649707528748701e-14
5962.735973 2.5102491041965486e-14
5982.622329 2.4806820935678846e-14
6002.602235 2.4789890138250498e-14
6022.636432 2.2472411343258834e-14
6042.764736 2.4776996246359296e-14
6062.907018 2.2300825500564648e-14
6083.143420 2.4848272073410845e-14
6103.474482 2.2151276562724208e-14
6123.859593 2.4981091281615802e-14
6144.298471 2.1960574221340192e-14
6164.790828 2.5216796092481974e-14
6185.378348 2.179200018961626e-14
6206.019304 2.171850601193957e-14
6226.755933 2.5450188933150203e-14
6247.545938 2.155125514083843e-14
6268.388998 2.1457705060498198e-14
6289.328188 2.1385019528931557e-14
6310.320344 2.932279213626779e-14
6331.409111 2.121968584519116e-14
6352.550736 2.1209104015745167e-14
6373.744863 2.1096240458803536e-14
6395.036005 2.0983695387047137e-14
6416.379508 2.6058955573227667e-14
6437.774995 4.628864785092069e-14
6459.267861 2.0729475194778643e-14
6480.858626 2.0900930905026367e-14
6502.501413 2.058795211614437e-14
6524.195816 2.6606470541946607e-14
6545.988439 2.080805245833896e-14
6567.832462 2.797606640513788e-12
6589.775106 2.1444207862141976e-14
6611.768914 2.0177723585281965e-14
6633.813438 2.0108348425128003e-14
6655.956837 2.0039088068577975e-14
6678.199617 2.820680260946941e-14
6700.493019 1.9881314882984327e-14
6722.886162 2.0500490191779506e-14
6745.329622 1.9744015922292745e-14
6767.822904 1.9656141491204575e-14
6790.416103 1.9568477506306818e-14
6813.109715 1.9500485256649244e-14
6835.852960 1.9413301546113932e-14
6858.645311 1.934386470040583e-14
6881.538193 2.806767099811496e-14
6904.532096 1.9193797920716635e-14
6927.574847 1.913832141584557e-14
6950.718899 1.9044554280747333e-14
6973.911367 1.8970268218002726e-14
6997.205398 7.033825702534843e-14
7020.547385 1.8822258543438067e-14
7043.991177 1.8748534849198993e-14
7067.537251 2.133902703361841e-14
7091.130907 1.8601649641689236e-14
7114.771516 1.8528597390505312e-14
7138.514359 2.5745141866880408e-14
7162.359904 2.05629569578548e-14
7186.251946 2.896241917201601e-14
7210.246869 1.8238118005423363e-14
7234.345135 1.9756496042119116e-14
7258.489391 1.996630956866636e-14
7282.737143 1.8349838508408193e-14
7307.030258 1.7950714784261584e-14
7331.427001 1.8838785931122897e-14
7355.927823 1.7808141111268987e-14
7380.473399 1.7737191601049295e-14
7405.123157 1.7666393921559516e-14
7429.816963 1.7595858169874046e-14
7454.615030 1.752547454030358e-14
7479.517795 1.7458870197969444e-14
7504.463893 1.7385274243192366e-14
7529.576951 1.7315347678424077e-14
7554.670756 1.724579427550815e-14
7579.932379 1.7260648105705377e-14
7605.236566 3.10988189807182e-14
7630.582472 1.709162538693374e-14
7656.097883 1.6969111411444445e-14
7681.654996 1.713138776218223e-14
7707.252933 1.744335493767928e-14
7733.022043 1.7399912385464263e-14
7758.831923 1.831556959110228e-14
7784.748164 1.6632874670156443e-14
7810.704219 1.6559915879288044e-14
7836.833940 1.649052673885282e-14
7862.935532 1.6423268123532787e-14
7889.211575 1.635431397018284e-14
7915.526307 1.6285635444200232e-14
7941.947957 1.623096930832345e-14
7968.476907 1.615740536618408e-14
7995.113536 1.6089199579207863e-14
8021.787609 1.6021270552459107e-14
8048.569175 1.5958645941216477e-14
8075.458603 1.5891035334530763e-14
8102.384217 1.5823702371787262e-14
8129.417463 1.5759934755065593e-14
8156.558695 1.5694621160616812e-14
8183.808267 1.578667316283365e-14
8211.166532 1.2460678869208133e-14
8238.559358 2.9173412644505463e-14
8266.060581 1.116048249380834e-14
8293.670540 1.1115789301214647e-14
8321.313584 1.9266733360621364e-14
8349.141514 1.5367312966033618e-14
8377.002175 1.2543848167179178e-14
8404.971874 1.4640131161030687e-14
8433.050931 1.3173420708816691e-14
8461.161101 1.3510246728340499e-14
8489.459298 1.0786765252111848e-14
8517.788179 1.3899606756703935e-14
8546.226606 1.4492562409773402e-14
8574.774877 1.064968350740922e-14
8603.352063 1.521706644852025e-14
8632.120365 1.0537376910558227e-14
8660.917071 1.62496837678154e-14
8689.823685 1.6431364933955277e-14
8718.840481 1.0413748830080507e-14
8747.967731 1.8569669885764594e-14
8777.121163 1.032551834163675e-14
8806.469559 1.1210574489634083e-14
8835.843528 1.0234579982414915e-14
8865.327858 2.028675808645627e-14
8894.922795 1.0128423438830375e-14
8924.628581 1.1120675819652345e-14
8954.445454 1.0048098971515197e-14
8984.373650 9.993979859582711e-15
