3001.063898 1.5122023518687012e-13
3011.079410 1.4990109962872773e-13
3021.131948 1.4974087151909855e-13
3031.211499 1.493586535814928e-13
3041.328082 1.5369682810540233e-13
3051.481764 1.480666219940062e-13
3061.672610 1.4908984683251545e-13
3071.890329 1.4721895525893317e-13
3082.145202 1.4692680029196417e-13
3092.426795 1.4633037100286992e-13
3102.756083 1.4590843018640483e-13
3113.112065 1.4669800734166061e-13
3123.505289 1.4506691269040307e-13
3133.925030 1.4464738047972019e-13
3144.392822 1.4418511090529576e-13
3154.887086 1.4393778442337454e-13
3165.418646 1.4373267363382896e-13
3175.987546 1.43441961514516e-13
3186.582685 1.4675261161422197e-13
3197.226317 1.4210032821254905e-13
3207.896119 1.1144478458388218e-12
3218.603269 1.4127167963036726e-13
3229.347801 1.4085840539353675e-13
3240.129747 1.4048760336343158e-13
3250.937539 1.400344813088935e-13
3261.794322 1.476754292574788e-13
3272.676849 1.392549632801511e-13
3283.608571 1.3884534268484024e-13
3294.565923 1.3847810698609853e-13
3305.560676 1.38234504385004e-13
3316.592847 1.3766358137289982e-13
3327.662447 1.3742069251890214e-13
3338.769489 1.3815347671953402e-13
3349.913981 1.2680032843488723e-12
3361.095929 1.3612563837116583e-13
3372.315338 1.3568262676131669e-13
3383.572208 1.3532112525186687e-13
3394.866538 1.349202530790133e-13
3406.198326 1.3456026104524712e-13
3417.580382 1.3412089054701513e-13
3428.987148 3.1608307150227647e-12
3440.431346 1.3340500056418345e-13
3451.912961 1.329692393424518e-13
3463.431976 1.3257406157231826e-13
3475.001623 1.3217944131594406e-13
3486.595465 1.3256863671992343e-13
3498.240070 1.3143271730353874e-13
3509.908640 1.3108040254321015e-13
3521.628094 1.305733777416306e-13
3533.384970 1.3037733085642659e-13
3545.179232 1.2983435670546751e-13
3557.010842 1.2967760999963876e-13
3568.879757 1.2909918127258718e-13
3580.800004 1.2871350830800393e-13
3592.743486 1.2863403168579696e-13
3604.738389 1.280218655055344e-13
3616.770589 1.276771515517359e-13
3628.854480 1.2725740478622996e-13
3640.961198 1.2537203502777555e-13
3653.119678 5.6008524931608826e-14
3665.315404 1.1575870910740174e-13
3677.548309 9.837088857493053e-14
3689.818319 9.922915256693865e-14
3702.140399 9.863545726149149e-14
3714.499629 8.270769839676416e-14
3726.911172 9.719791170662778e-14
3739.344557 1.4172370855537485e-13
3751.830285 1.1514886184380222e-13
3764.353021 7.270185960297273e-14
3776.928324 1.2993216936661435e-13
3789.540650 5.299309190239215e-14
3802.189898 1.4142221524777364e-13
3814.875961 6.277828634072474e-14
3827.614808 5.20504764558958e-14
3840.390461 1.7314897240920687e-13
3853.219098 6.436066615085916e-14
3866.084522 1.6359198365178572e-13
3878.986611 5.1322486702702725e-14
3891.941858 2.332350829341603e-13
3904.933732 5.048523565759101e-14
3917.962098 5.026352985456687e-14
3931.043775 6.739068595635714e-14
3944.178958 4.975238751073616e-14
3957.333472 4.9498666086569215e-14
3970.541424 3.392573867658166e-13
3983.803004 4.9028838936683986e-14
3997.100870 4.877812183708506e-14
4010.452509 4.86663372362628e-14
4023.840341 7.413904790153171e-14
4037.264195 4.823806663951592e-14
4050.759909 4.781988878348174e-14
4064.273643 4.8937645717373105e-14
4077.841349 4.763582776169621e-14
4091.463204 4.739142715348492e-14
4105.120890 4.5121754405264043e-13
4118.814213 4.707444924692577e-14
4132.580453 4.646333197328213e-14
4146.363556 4.642478592740695e-14
4160.219914 4.605210350296326e-14
4174.092713 4.581465491088922e-14
4188.039095 4.587653620110774e-14
4202.020854 8.208611167757445e-14
4216.037765 4.514112738698653e-14
4230.128865 4.494035986409997e-14
4244.255170 4.474056469474988e-14
4258.416439 4.4509064522339234e-14
4272.632458 4.444145738798038e-14
4286.903376 4.414647266789894e-14
4301.209039 4.395021287874746e-14
4315.569623 4.369016595315489e-14
4329.985273 4.365666729383896e-14
4344.435415 7.995980693714289e-13
4358.940626 1.1716696887590837e-13
4373.480052 4.3236891327304705e-14
4388.095665 4.2981225334147536e-14
4402.745477 4.250488693503564e-14
4417.429192 4.2315863672264275e-14
4432.189621 4.2663514687999166e-14
4446.983918 4.194004622557999e-14
4461.833617 4.178478190576337e-14
4476.716844 4.4130638335544576e-14
4491.677554 4.1538619223755475e-14
4506.671730 4.1229865958347435e-14
4521.721475 4.1015586595719456e-14
4536.804310 9.803713328357993e-14
4551.942628 4.062114417881203e-14
4567.159421 4.044043929750534e-14
4582.386118 4.035274470755866e-14
4597.691488 4.026513670216072e-14
4613.052736 4.032998494196649e-14
4628.446448 4.500742725016571e-14
4643.895910 4.103313965981071e-14
4659.401207 4.181879472825672e-14
4674.962424 3.9290351618719116e-14
4690.555498 1.439264499785397e-12
4706.228635 1.1715768218820482e-13
4721.933459 8.580190107241675e-14
4737.694186 1.0407967523310592e-13
4753.510884 3.8398069813303476e-14
4769.383619 3.822792441017492e-14
4785.312454 3.805850754652915e-14
4801.297449 3.788980931786037e-14
4817.313195 3.772199286069959e-14
4833.410510 3.7583928428864176e-14
4849.538341 3.738827584209182e-14
4865.722199 1.4723384762107152e-12
4881.962127 3.70864302377866e-14
4898.258164 3.692193773301316e-14
4914.610347 3.6786908944982955e-14
4931.018709 3.785878873435775e-14
4947.483281 3.671878557055179e-14
4964.004089 6.188824807175691e-13
4980.581156 3.6166122440899165e-14
4997.214502 3.6005291349460937e-14
5013.904145 1.7585604317098522e-12
5030.622326 3.571386450868564e-14
5047.424411 3.566737605789229e-14
5064.282820 3.539627351900673e-14
5081.197554 3.523836349752224e-14
5098.140091 3.510911455492299e-14
5115.167278 3.498011179983827e-14
5132.250773 3.4823772380281733e-14
5149.390564 3.466799975607037e-14
5166.557340 3.4512958539257187e-14
5183.809470 3.435830446412399e-14
5201.117830 3.458821127659981e-14
5218.482391 3.407799829321158e-14
5235.903119 3.3924908284465453e-14
5253.379975 3.3799549452349874e-14
5270.943405 3.364728572612208e-14
5288.532590 3.3549791938719075e-14
5306.177763 3.337164401962868e-14
5323.909973 3.322088541209452e-14
5341.667158 3.3097616740232905e-14
5359.511672 3.2947818446652706e-14
5377.412343 3.282517842701535e-14
5395.337157 3.267649783541936e-14
5413.349712 1.386684836324242e-13
5431.450568 3.240656208517697e-14
5449.575109 3.225915207875148e-14
5467.755400 3.213849962340292e-14
5486.024373 3.1991842512324775e-14
5504.349339 3.1871790676673216e-14
5522.696726 3.1726235898306164e-14
5541.133140 3.1581022876181707e-14
5559.659139 3.146202946748235e-14
5578.206992 3.131777649298079e-14
5596.844640 3.122532019668201e-14
5615.503433 3.1056323156991646e-14
5634.252215 3.093897899016413e-14
5653.091543 3.079635597103444e-14
5671.951367 3.067986076264428e-14
5690.866373 2.9828808681618683e-14
5709.872180 2.7264119864474743e-14
5728.933326 2.7132890841639884e-14
5748.085903 2.7127627085750987e-14
5767.257467 2.6896905961152626e-14
5786.520600 2.6792006130405833e-14
5805.838864 2.7110707221851156e-14
5825.212072 2.6558543396134998e-14
5844.677518 2.642998171011825e-14
5864.160278 2.6326785021736133e-14
5883.773361 3.3382302013659494e-14
5903.403345 2.609659696439036e-14
5923.126251 2.596990789535409e-14
5942.865112 4.137464772672845e-14
5962.735973 2.844070048605178e-14
5982.622329 2.808942677981283e-14
6002.602235 2.8053993311277248e-14
6022.636432 2.5416665060620226e-14
6042.764736 2.8006983807978554e-14
6062.907018 2.519349540894025e-14
6083.143420 2.8055209034581504e-14
6103.474482 2.4995736798350648e-14
6123.859593 2.817273536241748e-14
6144.298471 2.4752114286802827e-14
6164.790828 2.8406001646994065e-14
6185.378348 2.453403547489964e-14
6206.019304 2.4437352745437354e-14
6226.755933 2.861987071780297e-14
6247.545938 2.4221571873905568e-14
6268.388998 2.4102760855927286e-14
6289.328188 2.4007509524601398e-14
6310.320344 3.2900114865215026e-14
6331.409111 2.3795009150142813e-14
6352.550736 2.376976044765677e-14
6373.744863 2.3630006635163246e-14
6395.036005 2.3490771609081615e-14
6416.379508 2.9156112053851336e-14
6437.774995 5.176129964341104e-14
6459.267861 2.3167401935366516e-14
6480.858626 2.3346043576047193e-14
6502.501413 2.29837167552471e-14
6524.195816 2.9686203030515304e-14
6545.988439 2.3203816215787696e-14
6567.832462 3.1179997691667043e-12
6589.775106 2.3886978952923284e-14
6611.768914 2.246394608364031e-14
6633.813438 2.2374525036323782e-14
6655.956837 2.2285341672117233e-14
6678.199617 3.135158550020918e-14
6700.493019 2.208594431833007e-14
6722.886162 2.276149276782345e-14
6745.329622 2.190980678406957e-14
6767.822904 2.180061915413931e-14
6790.416103 2.1691797140744715e-14
6813.109715 2.1604901880732267e-14
6835.852960 2.1496890011774148e-14
6858.645311 2.1408676255083865e-14
6881.538193 3.1047293844815654e-14
6904.532096 2.1220205157200308e-14
6927.574847 2.1147780607098084e-14
6950.718899 2.1033161343968963e-14
6973.911367 2.0940209529530418e-14
6997.205398 7.760210061012918e-14
7020.547385 2.0755297930184165e-14
7043.991177 2.0663337130023865e-14
7067.537251 2.3506294110741616e-14
7091.130907 2.048040302865708e-14
7114.771516 2.0389573327337605e-14
7138.514359 2.8316527498925098e-14
7162.359904 2.2605282900562166e-14
7186.251946 3.182291648732905e-14
7210.246869 2.0029333930598006e-14
7234.345135 2.1685944054455868e-14
7258.489391 2.1905302011287377e-14
7282.737143 2.0121822865458665e-14
7307.030258 1.9674403405306385e-14
7331.427001 2.0637547962280828e-14
7355.927823 1.94988835887304e-14
7380.473399 1.941168014157465e-14
7405.123157 1.9324751423741346e-14
7429.816963 1.923824024470089e-14
7454.615030 1.9152002913231938e-14
7479.517795 1.90700008793343e-14
7504.463893 1.8980491300127554e-14
7529.576951 1.8895073463899706e-14
7554.670756 1.8810213345604207e-14
7579.932379 1.8817456406381524e-14
7605.236566 3.388770809129989e-14
7630.582472 1.8615612602229625e-14
7656.097883 1.847348776845969e-14
7681.654996 1.864143601348244e-14
7707.252933 1.8972084795018473e-14
7733.022043 1.891605193677968e-14
7758.831923 1.9902309134508357e-14
7784.748164 1.8065527746100157e-14
7810.704219 1.7978066206724194e-14
7836.833940 1.7894562442091146e-14
7862.935532 1.781351289908385e-14
7889.211575 1.7730703101008417e-14
7915.526307 1.7648312972776615e-14
7941.947957 1.7581200436097418e-14
7968.476907 1.7493712825770035e-14
7995.113536 1.7412127579664416e-14
8021.787609 1.7330960050555004e-14
8048.569175 1.7255625368891812e-14
8075.458603 1.7174993822271113e-14
8102.384217 1.7094778444415448e-14
8129.417463 1.70185087044289e-14
8156.558695 1.6940662155499895e-14
8183.808267 1.7032694894139715e-14
8211.166532 1.3438426093405711e-14
8238.559358 3.1449166886953133e-14
8266.060581 1.2025990071019787e-14
8293.670540 1.197277697888176e-14
8321.313584 2.0743433672132314e-14
8349.141514 1.6538218726905925e-14
8377.002175 1.3494011619980572e-14
8404.971874 1.574256586809647e-14
8433.050931 1.415957246018362e-14
8461.161101 1.4515672106895084e-14
8489.459298 1.1584776584625779e-14
8517.788179 1.4921853817248625e-14
8546.226606 1.5552136258816296e-14
8574.774877 1.14237043778633e-14
8603.352063 1.6316531383747146e-14
8632.120365 1.1294222900952654e-14
8660.917071 1.7409927393569972e-14
8689.823685 1.7597649942307607e-14
8718.840481 1.114853754422437e-14
8747.967731 1.987218117565963e-14
8777.121163 1.1045491365143769e-14
8806.469559 1.1987625585617841e-14
8835.843528 1.0939783326750526e-14
8865.327858 2.167631874522967e-14
8894.922795 1.0818067780683058e-14
8924.628581 1.1873391533508818e-14
8954.445454 1.0724179212900614e-14
8984.373650 1.0662424537508016e-14
