# ra,dec,radius
269.10132,-29.63511,2.0
266.44559,-27.51192,2.0
272.81421,-30.63056,2.0
274.44318,-29.10209,2.0
214.09149,13.87337,2.0
274.65977,-28.13293,2.0
278.92633,-29.63974,2.0
265.40247,-22.21735,2.0
266.95443,-21.53947,2.0
271.035,-20.9515,2.0
277.08859,-23.42376,2.0
280.08304,-22.90814,2.0
270.03674,-17.6787,2.0
288.5465,-23.69,2.0
299.5545,-26.47108,2.0
282.12668,-17.73188,2.0
282.55493,-17.03932,2.0
277.56427,-11.61595,2.0
285.14511,-2.19934,2.0
285.27396,8.42667,2.0
282.9231,9.91455,2.0
289.46066,8.25232,2.0
287.89929,13.51988,2.0
291.61693,13.32424,2.0
288.32965,15.66104,2.0
289.82816,17.19669,2.0
300.42504,19.91114,2.0
296.246,22.7633,2.0
301.24432,25.44371,2.0
300.22052,34.47283,2.0
304.31442,38.83996,2.0
303.84253,40.5791,2.0
351.56175,58.18181,2.0
351.04364,60.95854,2.0
15.22542,55.06667,2.0
57.27453,50.00412,2.0
84.48442,55.53764,2.0
130.39819,58.23012,2.0
126.77313,31.50236,2.0
89.85363,10.69456,2.0
104.98722,14.60925,2.0
109.741,7.37311,2.0
95.90479,-10.22331,2.0
109.35779,-10.17604,2.0
103.58667,-25.40933,2.0
148.18554,-46.27986,2.0
184.13013,-66.7625,2.0
188.64987,-64.30472,2.0
210.31438,-50.66942,2.0
234.929,-52.6095,2.0
242.33392,-55.60273,2.0
249.4279,-55.70736,2.0
244.30579,-51.98633,2.0
257.39966,-52.21721,2.0
255.36875,-43.09986,2.0
264.82144,-35.78302,2.0
275.03815,-36.12252,2.0
261.85147,-29.35389,2.0
264.76196,-28.94308,2.0
273.885,-32.6335,2.0
267.75171,-29.56416,2.0
263.469,-26.9242,2.0
270.85753,-30.77365,2.0
263.364,-26.8001,2.0
269.85496,-30.12172,2.0
278.931,-33.4122,2.0
259.0872,-23.23241,2.0
269.76172,-29.25027,2.0
264.37623,-26.3622,2.0
271.66278,-29.98133,2.0
268.5783,-27.61,2.0
266.47879,-26.44531,2.0
276.09062,-31.11933,2.0
273.61135,-29.86306,2.0
264.34979,-25.02562,2.0
263.40751,-24.1295,2.0
270.385,-27.76861,2.0
275.148,-29.8135,2.0
269.85796,-27.10517,2.0
264.71537,-24.32892,2.0
266.41656,-25.23488,2.0
267.06454,-25.2539,2.0
264.36838,-23.69194,2.0
267.17378,-25.19284,2.0
271.26333,-27.20916,2.0
275.06991,-29.01263,2.0
268.03581,-25.46331,2.0
267.13443,-24.45279,2.0
266.90853,-24.24068,2.0
262.96575,-21.82181,2.0
267.08941,-24.03735,2.0
267.31144,-23.94497,2.0
277.79667,-28.8203,2.0
279.39589,-29.37834,2.0
266.87797,-23.19695,2.0
271.70503,-25.61255,2.0
271.36713,-25.34055,2.0
270.35503,-24.61945,2.0
267.58619,-22.80669,2.0
267.6099,-22.81436,2.0
278.20983,-27.99039,2.0
278.83745,-28.1978,2.0
268.68668,-23.15196,2.0
266.55586,-21.84699,2.0
267.25992,-21.46847,2.0
277.61797,-26.62167,2.0
274.99523,-25.03924,2.0
275.02634,-24.68998,2.0
275.54346,-24.83163,2.0
269.64104,-21.58747,2.0
264.56478,-18.1406,2.0
262.30533,-16.79544,2.0
269.56477,-20.52698,2.0
274.74502,-22.66081,2.0
274.03804,-21.87033,2.0
275.53525,-22.38549,2.0
272.92183,-21.04125,2.0
275.14874,-20.50694,2.0
271.79854,-18.46494,2.0
269.41508,-16.82214,2.0
274.84296,-19.26947,2.0
270.97953,-16.95622,2.0
267.4154,-14.48826,2.0
273.83817,-16.04888,2.0
269.93863,-13.83736,2.0
270.44368,-14.03863,2.0
274.74666,-15.43919,2.0
275.43294,-13.88693,2.0
281.18212,-14.18113,2.0
275.06492,-10.71342,2.0
275.42125,-10.03056,2.0
284.58033,-14.50719,2.0
274.61168,-9.03998,2.0
274.77776,-9.03063,2.0
276.61792,-8.98888,2.0
284.29083,-10.91417,2.0
277.82,-7.25619,2.0
282.0329,-9.05216,2.0
276.81833,-6.19748,2.0
278.49874,-5.93529,2.0
288.27287,-10.35281,2.0
285.47871,-8.92228,2.0
279.50892,-4.29003,2.0
275.94808,-2.24203,2.0
278.40968,-3.43218,2.0
281.86879,-5.12333,2.0
282.31292,-3.78283,2.0
98.28992,-1.58622,2.0
102.17942,-7.32806,2.0
103.08088,-9.86,2.0
114.09607,-5.00563,2.0
101.60578,-12.59887,2.0
103.08225,-12.67814,2.0
108.62,-10.86217,2.0
106.40499,-12.41442,2.0
111.43288,-13.78444,2.0
110.56204,-14.58028,2.0
111.34835,-14.95281,2.0
114.96061,-14.30715,2.0
106.09585,-22.36446,2.0
111.05456,-20.36359,2.0
103.99973,-23.94697,2.0
113.84708,-21.37838,2.0
115.09733,-20.93125,2.0
106.43975,-25.48039,2.0
105.21579,-26.12183,2.0
108.75948,-28.09548,2.0
124.2221,-24.18221,2.0
120.97605,-27.10057,2.0
118.98549,-33.76692,2.0
124.0867,-31.84984,2.0
122.1288,-35.0778,2.0
122.10146,-37.75736,2.0
123.98683,-40.88547,2.0
130.12455,-38.02389,2.0
136.00971,-40.3875,2.0
137.94013,-40.86625,2.0
136.8512,-41.77049,2.0
130.74928,-46.69036,2.0
127.90233,-48.52301,2.0
129.96096,-48.90531,2.0
139.506,-44.9109,2.0
150.25917,-44.18534,2.0
130.09593,-57.91364,2.0
143.57154,-52.38888,2.0
128.78009,-60.66184,2.0
144.51656,-55.0289,2.0
157.73225,-54.63289,2.0
149.63454,-61.44444,2.0
152.49209,-60.0044,2.0
150.76383,-61.24108,2.0
163.11122,-50.70027,2.0
155.25449,-61.33858,2.0
157.28158,-60.23428,2.0
162.717,-55.8065,2.0
164.92533,-59.74517,2.0
164.65058,-60.71339,2.0
166.20325,-59.62017,2.0
168.162,-58.2865,2.0
173.99995,-52.59244,2.0
169.63331,-61.84918,2.0
170.96283,-60.51389,2.0
170.99581,-61.27086,2.0
163.61376,-70.21987,2.0
174.26583,-65.79833,2.0
178.2321,-62.56947,2.0
183.57911,-56.93556,2.0
183.749,-64.9101,2.0
181.41645,-71.03238,2.0
185.03661,-61.57108,2.0
184.47114,-64.72419,2.0
185.46584,-64.21828,2.0
191.61208,-63.40781,2.0
192.60195,-67.61165,2.0
193.24332,-61.5017,2.0
196.05533,-60.41586,2.0
198.33583,-66.66208,2.0
197.58179,-59.75293,2.0
202.46087,-61.84385,2.0
204.46304,-65.58842,2.0
203.78782,-63.81581,2.0
206.67243,-64.31273,2.0
206.65906,-61.27418,2.0
209.95307,-65.02485,2.0
209.18669,-61.66224,2.0
211.10566,-64.06581,2.0
213.32708,-64.90317,2.0
212.10458,-62.83414,2.0
212.20582,-58.07341,2.0
213.67048,-58.95113,2.0
220.69396,-66.25062,2.0
219.44947,-63.93387,2.0
217.47004,-60.73253,2.0
220.7929,-63.91273,2.0
217.60419,-57.36269,2.0
219.85414,-58.26706,2.0
221.92411,-58.64473,2.0
219.11906,-54.49867,2.0
228.40211,-60.86792,2.0
224.25951,-54.23284,2.0
231.48084,-60.04115,2.0
226.77514,-55.28044,2.0
234.96788,-61.78959,2.0
231.49747,-58.38386,2.0
232.03038,-58.52838,2.0
233.68836,-58.49722,2.0
231.27555,-55.47286,2.0
234.89496,-57.45064,2.0
228.49239,-50.16774,2.0
236.2362,-56.11862,2.0
242.03946,-59.2284,2.0
234.95582,-53.42363,2.0
239.79624,-55.87166,2.0
240.44836,-56.14044,2.0
240.52952,-56.06182,2.0
240.28017,-55.88919,2.0
240.73518,-56.05017,2.0
240.54658,-55.72517,2.0
238.53706,-50.37754,2.0
230.35823,-42.46886,2.0
239.13822,-49.92081,2.0
242.58797,-51.51502,2.0
236.93696,-45.54744,2.0
245.64173,-51.74886,2.0
245.66916,-50.64498,2.0
252.54871,-53.83969,2.0
242.05253,-47.49652,2.0
260.321,-56.9081,2.0
256.41194,-54.25533,2.0
249.5075,-49.45533,2.0
249.30912,-49.18776,2.0
242.80367,-43.93941,2.0
240.57554,-41.44708,2.0
255.15752,-50.79,2.0
251.82045,-48.7798,2.0
246.46202,-45.37751,2.0
248.96629,-46.90278,2.0
248.03091,-45.7994,2.0
248.23752,-45.82643,2.0
254.4007,-46.54869,2.0
261.14459,-49.51469,2.0
254.30658,-44.78972,2.0
267.45725,-48.80889,2.0
248.72499,-38.80858,2.0
253.71254,-41.73053,2.0
251.08529,-40.037,2.0
258.81634,-43.06494,2.0
254.16711,-39.21023,2.0
265.94377,-45.08146,2.0
248.18625,-34.26194,2.0
258.295,-40.26558,2.0
252.86163,-36.36006,2.0
260.05999,-39.46329,2.0
253.84191,-35.58997,2.0
257.0975,-37.0933,2.0
255.69209,-35.15057,2.0
258.14163,-35.72224,2.0
258.70741,-35.59449,2.0
264.50214,-38.65387,2.0
252.94458,-31.80582,2.0
257.442,-34.6013,2.0
254.85747,-32.97607,2.0
256.19,-33.63,2.0
267.18785,-38.73725,2.0
264.07208,-36.99635,2.0
258.77542,-33.95725,2.0
250.04387,-27.95924,2.0
264.40671,-36.8383,2.0
264.40254,-36.45169,2.0
262.40628,-35.22939,2.0
266.60146,-37.21906,2.0
263.81979,-35.0472,2.0
263.62629,-34.81749,2.0
260.55333,-32.85417,2.0
264.02373,-34.73527,2.0
257.90428,-31.20588,2.0
268.85344,-37.02966,2.0
270.86337,-37.64778,2.0
262.31058,-33.36061,2.0
265.03662,-34.63752,2.0
264.47456,-34.24086,2.0
267.20265,-35.50831,2.0
263.76124,-33.55775,2.0
261.60753,-32.36391,2.0
260.41208,-31.17619,2.0
259.83363,-30.72786,2.0
269.49783,-35.79942,2.0
270.20028,-36.00892,2.0
264.78235,-33.3453,2.0
259.43338,-29.90829,2.0
263.18533,-32.01875,2.0
257.99771,-28.8595,2.0
266.21578,-33.32501,2.0
273.55668,-36.59302,2.0
259.55082,-29.24946,2.0
260.05832,-29.52469,2.0
259.4529,-28.76586,2.0
268.12175,-33.50119,2.0
269.16459,-33.70863,2.0
270.11027,-34.13028,2.0
260.7842,-28.93975,2.0
262.03711,-29.61504,2.0
261.47705,-29.25227,2.0
270.17963,-33.69971,2.0
260.54369,-28.52611,2.0
260.38831,-28.0889,2.0
263.62169,-29.03445,2.0
271.84151,-32.90866,2.0
269.45253,-31.73469,2.0
272.47001,-32.56218,2.0
260.49209,-25.90669,2.0
270.62628,-31.40477,2.0
272.045,-32.0237,2.0
279.09574,-23.92198,2.0
257.92054,-30.48035,2.0
260.55399,-29.8767,2.0
263.34425,-35.18449,2.0
264.74513,-28.77816,2.0
265.63501,-18.1622,2.0
265.95208,-26.89083,2.0
266.507,-27.4333,2.0
266.75551,-31.76062,2.0
267.05241,-22.99394,2.0
267.104,-22.1979,2.0
267.34208,-29.99097,2.0
268.01599,-29.2783,2.0
268.03201,-20.878,2.0
268.17787,-21.25999,2.0
268.59799,-28.5806,2.0
268.927,-20.3829,2.0
268.97699,-28.097,2.0
269.21767,-19.55014,2.0
270.01801,-37.2837,2.0
273.95999,-27.8159,2.0
274.53699,-27.5323,2.0
281.12201,-19.7125,2.0
259.36099,-30.64,2.0
268.539,-28.7897,2.0
268.94699,-29.1114,2.0
269.31,-30.3648,2.0
269.39801,-27.5922,2.0
269.56201,-28.6917,2.0
269.70999,-28.2814,2.0
269.715,-29.2664,2.0
270.0,-30.4356,2.0
271.04367,-29.44018,2.0
271.664,-28.2058,2.0
271.72,-28.1181,2.0
271.92801,-26.5172,2.0
271.396,-24.6381,2.0
276.94021,-9.63696,2.0
311.54401,52.9517,2.0
327.29871,57.45547,2.0
214.61501,-60.7863,2.0
288.13101,-3.52556,2.0
306.80208,11.88556,2.0
52.8,43.9043,2.0
263.68301,-28.1766,2.0
296.39013,21.13572,2.0
277.00551,-10.23583,2.0
278.58301,-7.08825,2.0
264.75229,-30.19306,2.0
264.96083,-29.08011,2.0
265.11762,-30.23092,2.0
265.53574,-28.92685,2.0
265.88913,-28.31209,2.0
266.01808,-28.26607,2.0
266.16717,-29.37342,2.0
266.97462,-29.6138,2.0
267.09592,-29.67907,2.0
267.73488,-28.5234,2.0
268.022,-28.0968,2.0
71.76879,4.97822,2.0
112.494,-2.11042,2.0
256.49988,-39.49472,2.0
257.85508,-39.49769,2.0
241.6186,-35.75353,2.0
262.08871,-37.09175,2.0
258.43075,-34.64066,2.0
259.10902,-33.5565,2.0
269.72646,-36.35456,2.0
269.315,-34.7929,2.0
261.40638,-32.46781,2.0
264.08538,-32.87745,2.0
265.36755,-33.17257,2.0
265.855,-30.8956,2.0
266.28641,-33.60221,2.0
265.816,-31.7623,2.0
267.363,-31.7753,2.0
263.8995,-28.12367,2.0
266.897,-29.8489,2.0
265.862,-29.792,2.0
267.2161,-30.08862,2.0
272.40851,-30.81486,2.0
265.638,-27.4736,2.0
265.876,-27.9481,2.0
269.55,-27.6894,2.0
270.18,-17.7553,2.0
274.864,-15.2023,2.0
272.4025,-13.80923,2.0
278.27681,-10.68906,2.0
276.765,-10.9402,2.0
278.6825,-7.46834,2.0
281.44328,-6.54897,2.0
280.79225,-4.86636,2.0
279.00991,-0.04087,2.0
282.122,-2.16683,2.0
283.8214,1.17914,2.0
283.34254,0.84694,2.0
283.79609,1.68931,2.0
283.83213,4.48975,2.0
288.10615,8.25209,2.0
293.42252,22.70234,2.0
294.37225,23.16294,2.0
295.31924,24.22413,2.0
296.72325,24.88991,2.0
302.65696,31.63239,2.0
304.70828,32.60663,2.0
139.72253,-48.51434,2.0
166.68919,-61.19199,2.0
182.80845,-63.80889,2.0
186.627,-49.4008,2.0
216.02681,-59.8406,2.0
231.27793,-56.03827,2.0
239.94775,-57.50161,2.0
272.64698,-48.42998,2.0
277.48359,-10.2032,2.0
270.28101,-21.9347,2.0
265.01503,-30.31853,2.0
266.5,-29.0303,2.0
263.10699,-33.2687,2.0
271.28101,-20.7621,2.0
264.08301,-31.1283,2.0
267.76901,-27.616,2.0
270.32901,-23.1453,2.0
260.07999,-41.9425,2.0
264.33616,-28.16863,2.0
271.02281,-20.10462,2.0
272.95446,-18.40148,2.0
275.14638,-13.57072,2.0
275.30031,-13.59687,2.0
282.19382,-3.09488,2.0
291.06066,15.65312,2.0
204.9847,-62.50899,2.0
211.64246,-61.19269,2.0
239.31467,-54.50205,2.0
269.05583,-24.22028,2.0
271.15198,-21.09005,2.0
282.51792,-0.31222,2.0
282.57667,0.06333,2.0
275.40375,-14.99472,2.0
263.97708,-32.17639,2.0
264.83875,-31.84556,2.0
266.12333,-32.63639,2.0
270.70167,-24.68167,2.0
282.66542,0.07944,2.0
263.64667,-32.44944,2.0
268.85792,-29.64139,2.0
265.61171,-27.40778,2.0
269.26625,-27.85833,2.0
269.16125,-26.1375,2.0
270.7175,-26.54528,2.0
190.13083,-62.815,2.0
191.72125,-61.97611,2.0
263.865,-34.48861,2.0
263.00458,-28.86806,2.0
266.41958,-27.15417,2.0
265.53125,-26.03667,2.0
269.72333,-26.29306,2.0
274.45208,-17.80333,2.0
277.98792,-11.54611,2.0
280.31667,-3.40306,2.0
296.10958,23.16833,2.0
191.82333,-63.00917,2.0
216.41333,-60.27639,2.0
234.73708,-56.6225,2.0
233.55167,-55.49889,2.0
241.46917,-52.84306,2.0
260.2175,-33.37611,2.0
263.34083,-34.45667,2.0
266.14917,-33.12861,2.0
267.45417,-30.00167,2.0
267.6275,-23.64,2.0
287.51792,10.72444,2.0
266.67833,-24.98778,2.0
272.26125,-25.54806,2.0
267.26792,-22.49722,2.0
291.77792,15.80972,2.0
224.51208,-58.84194,2.0
237.17333,-53.11778,2.0
239.82875,-54.1275,2.0
241.49,-52.93278,2.0
258.22208,-39.77278,2.0
264.51708,-35.00222,2.0
260.315,-31.82444,2.0
265.79,-33.85333,2.0
267.05292,-33.09778,2.0
263.10958,-28.6375,2.0
264.46958,-29.22028,2.0
266.94833,-29.5425,2.0
267.55333,-29.72417,2.0
266.62917,-25.44806,2.0
190.54458,-62.95639,2.0
262.49292,-35.94889,2.0
263.1725,-30.47528,2.0
268.6175,-27.45417,2.0
267.97729,-27.60294,2.0
266.53375,-25.18806,2.0
264.135,-29.045,2.0
267.71304,-30.86853,2.0
268.47292,-28.53472,2.0
266.67875,-25.74472,2.0
266.51333,-24.11778,2.0
271.75369,-26.764,2.0
268.0075,-24.2225,2.0
271.31183,-23.78592,2.0
272.84375,-24.44,2.0
284.38792,2.32917,2.0
286.59542,8.62333,2.0
223.82708,-58.29472,2.0
263.40167,-31.49361,2.0
263.19292,-31.31278,2.0
262.43625,-29.11583,2.0
263.93167,-29.63944,2.0
268.05458,-30.99111,2.0
268.72474,-21.32802,2.0
269.20292,-20.19278,2.0
274.715,-14.75278,2.0
265.58208,-32.59306,2.0
267.39292,-32.62722,2.0
201.82437,-63.32447,2.0
229.17083,-58.37389,2.0
232.92208,-56.14806,2.0
238.22821,-52.99639,2.0
266.77171,-27.42597,2.0
280.61417,-3.94281,2.0
286.99146,7.92264,2.0
287.19246,8.72472,2.0
286.08095,15.35739,2.0
291.24268,19.57637,2.0
291.39573,20.05948,2.0
291.43009,14.59619,2.0
293.82435,22.52237,2.0
294.12617,31.46962,2.0
294.53817,20.90335,2.0
296.68879,26.36986,2.0
296.93959,27.03075,2.0
299.11391,25.11349,2.0
302.57471,36.21937,2.0
343.72177,63.30766,2.0
348.94231,60.93094,2.0
355.1065,65.36321,2.0
357.81162,60.17399,2.0
56.74929,48.81672,2.0
73.49456,46.97853,2.0
77.96754,30.46422,2.0
79.38892,39.50765,2.0
83.66602,25.70703,2.0
84.21179,24.93797,2.0
85.79384,22.51979,2.0
94.01069,17.98905,2.0
0.08913,57.36881,2.0
12.84686,63.18308,2.0
61.83992,51.40622,2.0
69.60898,48.65218,2.0
280.12542,-0.6395,2.0
282.15104,2.34742,2.0
283.30388,-0.42497,2.0
283.4275,-0.608,2.0
285.90254,10.71769,2.0
286.63163,-2.54333,2.0
288.58785,14.16008,2.0
291.29515,11.56488,2.0
294.15226,12.63396,2.0
296.63751,23.28322,2.0
297.27175,18.25101,2.0
301.24083,31.23819,2.0
357.68439,64.05327,2.0
255.8375,-33.51389,2.0
27.72596,31.12969,2.0
48.69146,48.20167,2.0
74.30546,-28.13131,2.0
103.61875,-44.97572,2.0
121.0185,-6.51583,2.0
215.66804,-9.28939,2.0
284.11563,-31.18864,2.0
319.57804,12.02564,2.0
347.86717,29.49275,2.0
271.28829,-19.46967,2.0
1.47275,64.08767,2.0
44.24246,58.92978,2.0
67.41333,45.33147,2.0
80.06612,31.82744,2.0
99.46167,0.61222,2.0
278.88046,-0.26389,2.0
280.35812,-0.46264,2.0
280.41306,-2.28036,2.0
281.56793,-3.10711,2.0
286.0592,11.8685,2.0
287.17437,15.55914,2.0
287.82147,10.62617,2.0
289.25555,15.99661,2.0
289.36362,14.45972,2.0
289.78162,9.81383,2.0
290.13174,17.54697,2.0
290.2272,17.76886,2.0
290.25479,10.62628,2.0
291.82474,8.2415,2.0
292.19971,21.323,2.0
294.95746,26.67983,2.0
296.38705,23.46958,2.0
296.86462,24.25058,2.0
297.81741,20.99839,2.0
298.10278,23.14894,2.0
298.20349,25.89978,2.0
298.34607,23.92594,2.0
298.78821,31.90461,2.0
298.95749,31.22778,2.0
299.80276,33.83442,2.0
299.82947,31.42619,2.0
300.02875,33.48361,2.0
300.31012,33.52283,2.0
301.34436,39.64953,2.0
304.30942,35.65761,2.0
329.8298,59.66942,2.0
294.34543,31.24944,2.0
294.65138,38.30925,2.0
299.00375,45.38806,2.0
347.43208,67.39417,2.0
293.00458,-23.44944,2.0
285.14291,-19.23722,2.0
292.905,-10.67833,2.0
286.32376,-29.58167,2.0
293.41458,-23.78778,2.0
291.09,-21.58139,2.0
296.27042,-13.12917,2.0
291.16333,46.47833,2.0
282.16043,41.85028,2.0
306.93267,0.71175,2.0
229.89375,-31.63333,2.0
295.23126,64.75833,2.0
300.17374,41.15778,2.0
313.12633,29.67389,2.0
131.248,-44.1202,2.0
207.07,-71.99986,2.0
248.35899,-48.5332,2.0
260.00699,-42.5929,2.0
276.57999,-10.2228,2.0
262.625,-30.8267,2.0
272.341,-23.4647,2.0
40.40416,57.62902,2.0
282.5587,2.3022,2.0
284.3992,2.4506,2.0
285.2629,1.9578,2.0
301.45542,5.58472,2.0
282.00494,0.08016,2.0
289.98239,12.96062,2.0
267.93719,-19.39549,2.0
125.26521,-27.9925,2.0
308.81675,36.19731,2.0
263.30499,-25.67279,2.0
271.69846,-18.49385,2.0
272.41901,-20.5726,2.0
256.3488,-31.22196,2.0
264.36919,-34.32556,2.0
267.84521,-25.03142,2.0
269.49294,-27.88895,2.0
269.77095,-20.4569,2.0
287.72724,1.41257,2.0
273.89356,-16.47451,2.0
274.229,-14.5818,2.0
279.37119,-8.3797,2.0
284.75241,4.6811,2.0
287.37561,9.0404,2.0
288.20541,8.9136,2.0
203.46933,-64.77395,2.0
228.30397,-57.72406,2.0
241.91445,-47.27399,2.0
243.42349,-53.08089,2.0
277.29238,3.66386,2.0
276.64571,4.98489,2.0
282.47876,17.95417,2.0
286.286,16.25572,2.0
286.88258,24.99936,2.0
287.71439,-9.28028,2.0
91.06775,13.54732,2.0
283.10757,0.88057,2.0
285.91833,4.88653,2.0
289.21508,6.93571,2.0
298.37042,37.16599,2.0
287.844,40.92739,2.0
97.762,1.15139,2.0
269.11896,-24.00753,2.0
269.17321,-26.51931,2.0
269.92679,-23.86214,2.0
282.43825,-0.48556,2.0
287.73579,9.47683,2.0
289.12708,10.68231,2.0
335.46063,-84.91061,2.0
284.095,-31.51333,2.0
291.78464,11.38083,2.0
302.40707,-34.52539,2.0
97.75,-38.5625,2.0
113.72916,-73.81111,2.0
289.35416,42.53333,2.0
298.39999,-10.32472,2.0
316.44843,-32.83105,2.0
237.72792,14.9925,2.0
289.59875,59.99778,2.0
141.96292,69.23917,2.0
147.85788,53.15853,2.0
148.59541,-5.03583,2.0
258.17363,1.92586,2.0
303.79175,17.05028,2.0
55.80958,10.49411,2.0
220.47083,-62.31778,2.0
220.07917,-58.85833,2.0
217.97917,-58.54611,2.0
216.6,-61.93528,2.0
216.0,-59.17333,2.0
115.57083,-13.64,2.0
268.81667,-13.02889,2.0
218.08629,-12.38003,2.0
351.81633,40.02317,2.0
321.58825,0.97622,2.0
202.94288,-19.80714,2.0
115.04375,-24.49778,2.0
236.1635,-52.44606,2.0
238.93975,-50.76153,2.0
274.28892,-29.98444,2.0
278.02333,-15.72208,2.0
278.46438,-24.04728,2.0
279.50283,-12.68492,2.0
279.80583,-12.42769,2.0
283.43104,-14.33281,2.0
283.51904,-9.02994,2.0
128.91954,-43.8085,2.0
93.66666,18.82083,2.0
81.92375,34.69275,2.0
258.60417,-41.74278,2.0
258.14333,-40.51639,2.0
275.33458,-46.56167,2.0
262.56625,-41.36028,2.0
262.51208,-41.31417,2.0
263.645,-26.41278,2.0
267.08125,-25.40806,2.0
267.02125,-25.29306,2.0
267.47417,-25.24944,2.0
267.43917,-25.16083,2.0
268.10333,-25.37778,2.0
268.06083,-24.8075,2.0
256.85958,-29.06722,2.0
258.59333,-28.4575,2.0
259.15375,-28.63972,2.0
262.025,-27.65472,2.0
263.07708,-28.26194,2.0
141.78246,-67.85694,2.0
243.30333,-67.08306,2.0
273.54542,-39.92306,2.0
279.975,-22.0525,2.0
245.57333,-47.22917,2.0
246.4825,-43.96528,2.0
254.21292,-45.11806,2.0
257.54042,-46.2825,2.0
256.48167,-43.89167,2.0
256.58167,-43.25917,2.0
270.75792,-48.49444,2.0
275.75917,-4.97361,2.0
276.52583,-23.77778,2.0
277.17333,-23.94306,2.0
277.63542,-5.92,2.0
277.93625,-5.20917,2.0
280.20583,-2.9975,2.0
280.50958,2.68528,2.0
281.16375,-0.60611,2.0
281.80042,0.89694,2.0
282.665,4.27833,2.0
286.10258,1.70683,2.0
286.95833,16.53917,2.0
287.59458,4.58694,2.0
287.7125,11.49722,2.0
287.8,11.79056,2.0
288.17875,5.76278,2.0
289.90875,6.21833,2.0
290.525,11.54472,2.0
294.06375,26.95944,2.0
295.80208,30.30889,2.0
297.63708,27.35278,2.0
299.14625,27.69778,2.0
299.16042,30.07056,2.0
299.43917,30.76556,2.0
300.71792,31.18972,2.0
301.06208,35.86444,2.0
307.28921,15.61683,2.0
319.91708,46.77611,2.0
77.28175,53.1745,2.0
15.35392,72.76458,2.0
86.34963,-11.76361,2.0
134.21996,-8.06506,2.0
288.77775,-6.17819,2.0
290.94458,26.22667,2.0
333.06333,-76.43417,2.0
47.77208,63.8375,2.0
289.8725,-2.50028,2.0
294.23167,8.90194,2.0
306.39375,53.21222,2.0
308.40458,30.27253,2.0
269.56679,-12.79908,2.0
270.26542,-18.70528,2.0
274.79708,-34.33833,2.0
275.09292,-7.20444,2.0
275.37429,-39.13825,2.0
276.08208,-5.99722,2.0
286.88083,1.30611,2.0
287.21792,3.21889,2.0
287.39542,3.16778,2.0
295.45292,27.86722,2.0
297.60167,11.04417,2.0
309.84167,48.2325,2.0
317.83708,49.62833,2.0
327.75667,59.59056,2.0
223.53888,-56.80469,2.0
261.73625,-37.64972,2.0
261.84208,-37.45417,2.0
262.09167,-37.71417,2.0
264.29583,-38.05528,2.0
267.97667,-12.97111,2.0
270.2175,-19.22944,2.0
270.355,-16.875,2.0
270.87333,-12.41806,2.0
271.14708,-15.70278,2.0
271.22129,-13.82461,2.0
271.4575,-19.31111,2.0
273.16417,-13.58056,2.0
273.20875,-14.82111,2.0
273.59375,-14.62694,2.0
273.64083,-5.17111,2.0
273.77875,-19.99181,2.0
273.84542,-14.94528,2.0
266.605,-37.21361,2.0
273.33262,-16.54607,2.0
273.613,-19.5241,2.0
274.346,-17.7087,2.0
274.249,-14.1688,2.0
279.84,-7.31531,2.0
279.232,-5.75024,2.0
283.586,1.02899,2.0
289.121,12.5975,2.0
290.78,16.9897,2.0
276.014,-13.614,2.0
276.697,-10.80811,2.0
276.883,-13.09581,2.0
278.569,-5.76394,2.0
282.029,0.66739,2.0
284.327,3.30172,2.0
287.153,6.12119,2.0
289.668,13.46139,2.0
292.236,16.85511,2.0
273.062,-20.19019,2.0
272.968,-19.30839,2.0
273.349,-18.56389,2.0
272.4234,-17.81852,2.0
272.75459,-17.74319,2.0
274.341,-17.39389,2.0
274.249,-16.24711,2.0
274.571,-16.2415,2.0
274.661,-16.25619,2.0
274.643,-15.76819,2.0
274.425,-15.26769,2.0
274.388,-15.19881,2.0
275.095,-14.52731,2.0
275.624,-14.2165,2.0
275.556,-13.69039,2.0
275.669,-13.27761,2.0
276.54649,-13.30349,2.0
276.267,-12.62919,2.0
276.643,-11.96689,2.0
277.44938,-11.85918,2.0
278.343,-10.33731,2.0
278.621,-10.12731,2.0
278.178,-9.28019,2.0
277.869,-8.99664,2.0
279.0005,-8.62395,2.0
279.898,-5.47072,2.0
281.77,-2.72533,2.0
282.236,-1.61192,2.0
282.817,-1.73056,2.0
282.69144,0.55878,2.0
284.493,2.62367,2.0
285.376,4.29719,2.0
286.462,6.39225,2.0
291.216,15.95789,2.0
270.51974,-22.27284,2.0
271.18993,-23.20666,2.0
271.63052,-23.63206,2.0
272.07375,-22.83494,2.0
272.07307,-17.70137,2.0
274.32653,-18.57584,2.0
284.52604,6.62713,2.0
247.01448,-50.16678,2.0
246.41505,-50.58263,2.0
245.89417,-50.94908,2.0
270.00375,-27.00333,2.0
290.36566,15.38172,2.0
272.60464,-19.29652,2.0
282.46893,-0.31585,2.0
290.00031,11.14191,2.0
119.73215,-35.2478,2.0
266.51246,-28.87917,2.0
247.28404,-50.22086,2.0
167.3575,-61.06925,2.0
274.58333,-12.24672,2.0
8.48917,74.31111,2.0
161.96667,-58.93906,2.0
263.99154,-27.20394,2.0
266.45075,-33.66403,2.0
266.98613,-33.24567,2.0
268.14212,-30.43878,2.0
268.16246,-33.51311,2.0
268.29204,-29.51906,2.0
268.34642,-34.11492,2.0
264.95812,-33.42344,2.0
266.70096,-34.60083,2.0
267.41063,-32.13375,2.0
267.52796,-34.04961,2.0
268.57492,-28.45675,2.0
268.71742,-34.48114,2.0
269.2885,-31.08439,2.0
269.54821,-33.11694,2.0
270.78425,-29.34389,2.0
270.79929,-26.49083,2.0
270.85708,-31.81094,2.0
272.74079,-27.30625,2.0
266.43954,-28.48723,2.0
82.0875,53.5222,2.0
141.23,-31.7508,2.0
324.72,18.6708,2.0
348.272,45.4383,2.0
73.6404,28.8247,2.0
84.1296,-75.1178,2.0
95.0104,-18.6256,2.0
261.34208,-26.4905,2.0
264.82021,-25.07797,2.0
299.347,23.8801,2.0
330.775,58.6533,2.0
125.35,-36.00389,2.0
119.95467,-46.17982,2.0
115.22917,-33.55634,2.0
113.26858,4.86742,2.0
163.0285,-53.52408,2.0
177.43208,-63.98078,2.0
182.72083,-64.29028,2.0
178.11254,-59.99903,2.0
183.1325,-64.21444,2.0
233.85638,-57.67629,2.0
171.031,-62.6581,2.0
73.47504,51.96267,2.0
210.56567,-60.12613,2.0
268.27563,-26.56875,2.0
275.05958,-22.50392,2.0
131.13292,-46.00375,2.0
167.55517,-60.53275,2.0
240.35417,38.05,2.0
325.09221,48.36462,2.0
206.06083,-62.78381,2.0
302.14104,19.02358,2.0
309.21471,58.46592,2.0
2.76425,57.17675,2.0
293.19096,15.72016,2.0
287.76137,15.29667,2.0
16.91683,53.87334,2.0
188.29004,-63.2667,2.0
297.54692,26.72558,2.0
86.14075,33.36036,2.0
288.43875,13.36944,2.0
289.71075,3.45573,2.0
220.21933,-59.16838,2.0
308.37975,44.14594,2.0
6.76583,60.854,2.0
232.03417,-52.52897,2.0
240.48217,-47.74117,2.0
240.88542,-45.60097,2.0
251.36875,-37.61903,2.0
269.64783,-18.39606,2.0
269.94833,-19.72847,2.0
271.58488,-15.33542,2.0
273.24108,-27.69911,2.0
273.94833,-25.85444,2.0
275.24725,-9.02806,2.0
275.43,-6.64997,2.0
275.99708,-8.79833,2.0
277.1715,-4.95992,2.0
277.39875,-4.41344,2.0
277.52042,-39.16972,2.0
280.76542,3.57472,2.0
283.64958,5.98111,2.0
286.74875,4.23025,2.0
288.9175,17.13461,2.0
289.09812,7.03997,2.0
290.27333,16.32775,2.0
295.07458,18.92263,2.0
325.31108,51.76643,2.0
227.12917,-56.55028,2.0
225.53046,-57.42253,2.0
259.96433,-38.16078,2.0
77.88792,47.08121,2.0
115.57854,-16.14476,2.0
310.53158,38.63577,2.0
277.25875,37.33482,2.0
112.56933,-19.98956,2.0
334.07596,54.31169,2.0
288.89383,15.93583,2.0
141.88108,-23.37622,2.0
274.79854,-16.98997,2.0
341.22783,55.15711,2.0
278.15209,-12.76725,2.0
278.1329,-4.76981,2.0
244.06792,-49.44694,2.0
247.84958,-26.49333,2.0
259.89542,-27.57917,2.0
260.63458,-28.36972,2.0
260.75375,-28.06056,2.0
262.28583,-24.71972,2.0
262.89833,-18.75833,2.0
262.97033,-21.72603,2.0
263.65663,-25.53208,2.0
264.31708,-30.23639,2.0
264.3305,-29.87125,2.0
265.54583,-27.02222,2.0
267.02583,-25.73611,2.0
267.03625,-25.93694,2.0
267.41917,-25.43917,2.0
348.57842,55.99275,2.0
65.18254,44.94116,2.0
19.87033,49.01927,2.0
250.52329,-49.74253,2.0
244.10262,-50.6782,2.0
145.66587,-52.28269,2.0
281.11308,-8.51378,2.0
223.02771,-58.73389,2.0
145.52654,-53.00099,2.0
266.06375,22.60744,2.0
285.38308,1.34475,2.0
292.45971,19.57234,2.0
292.74204,26.97879,2.0
339.25104,54.04741,2.0
185.6865,-63.03917,2.0
281.42225,33.93459,2.0
74.22907,-66.47348,2.0
265.58846,-24.57811,2.0
267.06167,-35.42625,2.0
271.96029,-25.43158,2.0
258.29746,-34.63383,2.0
259.34788,-33.39825,2.0
262.78229,-33.20381,2.0
271.33463,-25.05897,2.0
263.01545,-30.55424,2.0
264.81672,-28.88826,2.0
265.67417,-28.11053,2.0
264.12343,-27.25568,2.0
265.58621,-25.94787,2.0
265.96896,-26.09972,2.0
263.04221,-28.06472,2.0
261.86196,-31.16265,2.0
267.89804,-29.70878,2.0
268.16784,-29.32024,2.0
268.93661,-28.13892,2.0
269.53479,-28.39272,2.0
268.13888,-28.77172,2.0
267.0868,-30.23611,2.0
271.39187,-28.16459,2.0
269.95375,-28.34989,2.0
270.81809,-26.33423,2.0
269.53922,-27.12684,2.0
271.09582,-27.41838,2.0
271.42225,-27.10874,2.0
271.29879,-27.34072,2.0
271.22753,-27.08313,2.0
271.3637,-27.19276,2.0
270.80093,-27.08818,2.0
270.09517,-31.41639,2.0
270.67462,-30.44018,2.0
270.49583,-30.8206,2.0
269.75725,-31.14828,2.0
271.181,-30.03778,2.0
269.50917,-30.65436,2.0
268.21158,-32.69631,2.0
270.45346,-33.41869,2.0
269.78887,-32.6554,2.0
269.38125,-32.93147,2.0
271.17758,-30.03116,2.0
106.96346,-12.13081,2.0
271.88375,-24.33831,2.0
38.84933,63.05065,2.0
186.63362,-44.35323,2.0
54.48233,43.7377,2.0
300.35596,17.85683,2.0
115.83467,16.13136,2.0
217.65492,-58.16111,2.0
198.06446,-65.57366,2.0
213.4958,-67.1556,2.0
283.09379,-11.47444,2.0
168.39583,-55.25806,2.0
260.00729,-43.37067,2.0
253.69625,-40.61536,2.0
247.38388,-52.25946,2.0
242.875,-57.87722,2.0
273.60821,-15.69283,2.0
266.32383,-31.74617,2.0
308.34471,51.36733,2.0
77.75821,45.04018,2.0
94.31746,27.77692,2.0
300.30708,25.32637,2.0
296.58596,34.39401,2.0
234.51721,-59.59038,2.0
19.18608,60.01464,2.0
294.34142,23.60379,2.0
217.69892,-66.02175,2.0
326.272,29.99976,2.0
294.33263,32.538,2.0
23.60033,30.52161,2.0
112.30725,-40.04142,2.0
234.53496,-61.08592,2.0
91.711,54.97335,2.0
256.822,-42.78998,2.0
187.63221,-64.95798,2.0
287.856,5.52047,2.0
21.66671,-74.171,2.0
225.26333,-81.41264,2.0
133.17104,-58.61153,2.0
81.00517,24.56275,2.0
283.06971,-0.72757,2.0
310.73346,45.92492,2.0
