# recno   M     Y      Z       Time           log(Teff)   log(L)  
  1       1.0   0.25   0.016   0.0            4.0         3.541   
  2       1.0   0.25   0.016   1137.0         4.093       3.544   
  3       1.0   0.25   0.016   2620.4         4.185       3.548   
  4       1.0   0.25   0.016   4426.8         4.278       3.552   
  5       1.0   0.25   0.016   6529.8         4.37        3.556   
  6       1.0   0.25   0.016   8901.4         4.463       3.559   
  7       1.0   0.25   0.016   11407.1        4.556       3.558   
  8       1.0   0.25   0.016   14109.4        4.648       3.553   
  9       1.0   0.25   0.016   16955.6        4.741       3.542   
  10      1.0   0.25   0.016   19897.0        4.832       3.52    
  11      1.0   0.25   0.016   22964.8        4.92        3.476   
  12      1.0   0.25   0.016   26018.3        4.996       3.395   
  13      1.0   0.25   0.016   28720.4        5.047       3.277   
  14      1.0   0.25   0.016   30681.0        5.066       3.139   
  15      1.0   0.25   0.016   32153.8        5.071       2.999   
  16      1.0   0.25   0.016   33222.4        5.064       2.858   
  17      1.0   0.25   0.016   34306.1        5.052       2.718   
  18      1.0   0.25   0.016   36136.1        5.038       2.579   
  19      1.0   0.25   0.016   42786.9        5.024       2.44    
  20      1.0   0.25   0.016   64169.4        5.014       2.3     
  21      1.0   0.25   0.016   85597.2        5.001       2.16    
  22      1.0   0.25   0.016   109106.0       4.985       2.021   
  23      1.0   0.25   0.016   135830.6       4.967       1.883   
  24      1.0   0.25   0.016   172390.6       4.947       1.745   
  25      1.0   0.25   0.016   225690.5       4.928       1.607   
  26      1.0   0.25   0.016   303117.3       4.907       1.47    
  27      1.0   0.25   0.016   406795.5       4.886       1.333   
  28      1.0   0.25   0.016   526837.2       4.864       1.196   
  29      1.0   0.25   0.016   682812.5       4.841       1.059   
  30      1.0   0.25   0.016   870042.1       4.818       0.923   
  31      1.0   0.25   0.016   1093980.4      4.793       0.787   
  32      1.0   0.25   0.016   1346514.3      4.767       0.652   
  33      1.0   0.25   0.016   1693713.3      4.741       0.517   
  34      1.0   0.25   0.016   2040912.2      4.714       0.381   
  35      1.0   0.25   0.016   2503246.6      4.687       0.247   
  36      1.0   0.25   0.016   3067785.3      4.659       0.112   
  37      1.0   0.25   0.016   3632324.0      4.631       -0.022  
  38      1.0   0.25   0.016   4492096.0      4.602       -0.156  
  39      1.0   0.25   0.016   5625840.4      4.573       -0.29   
  40      1.0   0.25   0.016   7114025.5      4.544       -0.424  
  41      1.0   0.25   0.016   8878766.6      4.514       -0.557  
  42      1.0   0.25   0.016   1.12127192E7   4.484       -0.691  
  43      1.0   0.25   0.016   1.4844281E7    4.454       -0.824  
  44      1.0   0.25   0.016   2.03307722E7   4.425       -0.957  
  45      1.0   0.25   0.016   2.85602453E7   4.394       -1.091  
  46      1.5   0.25   0.016   0.0            4.0         3.743   
  47      1.5   0.25   0.016   196.7          4.098       3.743   
  48      1.5   0.25   0.016   461.7          4.195       3.743   
  49      1.5   0.25   0.016   844.4          4.293       3.742   
  50      1.5   0.25   0.016   1349.1         4.391       3.741   
  51      1.5   0.25   0.016   1980.7         4.489       3.74    
  52      1.5   0.25   0.016   2763.2         4.586       3.736   
  53      1.5   0.25   0.016   3703.9         4.684       3.73    
  54      1.5   0.25   0.016   4740.4         4.782       3.72    
  55      1.5   0.25   0.016   5879.9         4.878       3.699   
  56      1.5   0.25   0.016   7123.5         4.973       3.664   
  57      1.5   0.25   0.016   8424.7         5.06        3.595   
  58      1.5   0.25   0.016   9624.5         5.123       3.481   
  59      1.5   0.25   0.016   10493.9        5.151       3.339   
  60      1.5   0.25   0.016   10979.4        5.153       3.19    
  61      1.5   0.25   0.016   11241.0        5.145       3.042   
  62      1.5   0.25   0.016   11425.8        5.13        2.895   
  63      1.5   0.25   0.016   11610.6        5.115       2.748   
  64      1.5   0.25   0.016   11830.3        5.094       2.603   
  65      1.5   0.25   0.016   12141.3        5.071       2.458   
  66      1.5   0.25   0.016   15404.6        5.05        2.313   
  67      1.5   0.25   0.016   31528.5        5.032       2.167   
  68      1.5   0.25   0.016   50975.8        5.013       2.021   
  69      1.5   0.25   0.016   76499.7        4.992       1.876   
  70      1.5   0.25   0.016   112372.9       4.971       1.73    
  71      1.5   0.25   0.016   162522.5       4.948       1.586   
  72      1.5   0.25   0.016   232037.4       4.925       1.441   
  73      1.5   0.25   0.016   325845.1       4.9         1.297   
  74      1.5   0.25   0.016   447258.1       4.876       1.153   
  75      1.5   0.25   0.016   605885.2       4.851       1.01    
  76      1.5   0.25   0.016   797141.1       4.824       0.866   
  77      1.5   0.25   0.016   1029226.9      4.797       0.723   
  78      1.5   0.25   0.016   1318415.5      4.769       0.581   
  79      1.5   0.25   0.016   1686085.9      4.74        0.439   
  80      1.5   0.25   0.016   2053756.3      4.71        0.297   
  81      1.5   0.25   0.016   2598416.8      4.681       0.155   
  82      1.5   0.25   0.016   3321404.5      4.65        0.014   
  83      1.5   0.25   0.016   4044392.2      4.62        -0.127  
  84      1.5   0.25   0.016   4976635.9      4.589       -0.269  
  85      1.5   0.25   0.016   6260000.8      4.558       -0.41   
  86      1.5   0.25   0.016   8123094.4      4.527       -0.55   
  87      1.5   0.25   0.016   1.09162143E7   4.495       -0.691  
  88      1.5   0.25   0.016   1.44184076E7   4.463       -0.832  
  89      1.5   0.25   0.016   2.08175105E7   4.431       -0.972  
  90      1.5   0.25   0.016   2.96449811E7   4.399       -1.113  
  91      2.0   0.25   0.016   0.0            4.0         3.892   
  92      2.0   0.25   0.016   54.6           4.103       3.891   
  93      2.0   0.25   0.016   135.1          4.207       3.891   
  94      2.0   0.25   0.016   257.7          4.31        3.89    
  95      2.0   0.25   0.016   420.0          4.414       3.889   
  96      2.0   0.25   0.016   648.3          4.517       3.887   
  97      2.0   0.25   0.016   953.3          4.621       3.884   
  98      2.0   0.25   0.016   1310.5         4.724       3.879   
  99      2.0   0.25   0.016   1740.8         4.828       3.869   
  100     2.0   0.25   0.016   2225.3         4.931       3.853   
  101     2.0   0.25   0.016   2760.7         5.032       3.823   
  102     2.0   0.25   0.016   3322.1         5.128       3.764   
  103     2.0   0.25   0.016   3867.0         5.202       3.655   
  104     2.0   0.25   0.016   4245.0         5.235       3.505   
  105     2.0   0.25   0.016   4447.6         5.238       3.348   
  106     2.0   0.25   0.016   4506.7         5.224       3.192   
  107     2.0   0.25   0.016   4565.7         5.209       3.036   
  108     2.0   0.25   0.016   4614.6         5.188       2.882   
  109     2.0   0.25   0.016   4663.4         5.166       2.728   
  110     2.0   0.25   0.016   4728.0         5.14        2.575   
  111     2.0   0.25   0.016   4862.3         5.112       2.424   
  112     2.0   0.25   0.016   5352.8         5.085       2.272   
  113     2.0   0.25   0.016   12140.5        5.059       2.119   
  114     2.0   0.25   0.016   30014.6        5.035       1.966   
  115     2.0   0.25   0.016   53718.3        5.011       1.813   
  116     2.0   0.25   0.016   88417.7        4.986       1.66    
  117     2.0   0.25   0.016   139008.1       4.96        1.508   
  118     2.0   0.25   0.016   216046.9       4.933       1.356   
  119     2.0   0.25   0.016   311326.8       4.906       1.203   
  120     2.0   0.25   0.016   455666.9       4.878       1.052   
  121     2.0   0.25   0.016   631024.0       4.849       0.901   
  122     2.0   0.25   0.016   853479.8       4.819       0.75    
  123     2.0   0.25   0.016   1075935.5      4.789       0.599   
  124     2.0   0.25   0.016   1403225.7      4.758       0.449   
  125     2.0   0.25   0.016   1831408.3      4.726       0.299   
  126     2.0   0.25   0.016   2259590.8      4.694       0.149   
  127     2.0   0.25   0.016   2907667.3      4.662       0.0     
  128     2.0   0.25   0.016   3794554.8      4.629       -0.15   
  129     2.0   0.25   0.016   4681442.3      4.596       -0.299  
  130     2.0   0.25   0.016   6182142.4      4.563       -0.448  
  131     2.0   0.25   0.016   8026525.0      4.528       -0.597  
  132     2.0   0.25   0.016   1.14778343E7   4.494       -0.745  
  133     2.0   0.25   0.016   1.62981048E7   4.46        -0.894  
  134     2.0   0.25   0.016   2.36214104E7   4.426       -1.043  
  135     2.0   0.25   0.016   3.5709206E7    4.391       -1.191  
  136     2.5   0.25   0.016   0.0            4.0         3.979   
  137     2.5   0.25   0.016   27.7           4.106       3.979   
  138     2.5   0.25   0.016   72.4           4.212       3.979   
  139     2.5   0.25   0.016   136.3          4.318       3.978   
  140     2.5   0.25   0.016   229.3          4.424       3.977   
  141     2.5   0.25   0.016   353.6          4.531       3.976   
  142     2.5   0.25   0.016   526.4          4.637       3.974   
  143     2.5   0.25   0.016   745.6          4.743       3.97    
  144     2.5   0.25   0.016   1001.3         4.849       3.963   
  145     2.5   0.25   0.016   1293.6         4.955       3.95    
  146     2.5   0.25   0.016   1617.0         5.06        3.926   
  147     2.5   0.25   0.016   1958.5         5.161       3.88    
  148     2.5   0.25   0.016   2297.2         5.246       3.783   
  149     2.5   0.25   0.016   2554.4         5.29        3.636   
  150     2.5   0.25   0.016   2666.8         5.292       3.474   
  151     2.5   0.25   0.016   2710.0         5.277       3.314   
  152     2.5   0.25   0.016   2753.1         5.263       3.154   
  153     2.5   0.25   0.016   2785.0         5.241       2.997   
  154     2.5   0.25   0.016   2816.9         5.218       2.839   
  155     2.5   0.25   0.016   2872.0         5.19        2.683   
  156     2.5   0.25   0.016   2952.4         5.162       2.527   
  157     2.5   0.25   0.016   3455.4         5.133       2.372   
  158     2.5   0.25   0.016   7374.4         5.106       2.216   
  159     2.5   0.25   0.016   16840.6        5.08        2.059   
  160     2.5   0.25   0.016   31123.3        5.053       1.903   
  161     2.5   0.25   0.016   52973.3        5.026       1.747   
  162     2.5   0.25   0.016   86565.1        4.998       1.591   
  163     2.5   0.25   0.016   136670.7       4.97        1.435   
  164     2.5   0.25   0.016   210993.7       4.941       1.28    
  165     2.5   0.25   0.016   316250.7       4.911       1.125   
  166     2.5   0.25   0.016   441389.9       4.88        0.97    
  167     2.5   0.25   0.016   600350.0       4.85        0.816   
  168     2.5   0.25   0.016   804613.7       4.818       0.661   
  169     2.5   0.25   0.016   1066752.3      4.786       0.508   
  170     2.5   0.25   0.016   1408844.9      4.753       0.354   
  171     2.5   0.25   0.016   1750937.5      4.719       0.201   
  172     2.5   0.25   0.016   2277908.1      4.686       0.048   
  173     2.5   0.25   0.016   3004074.7      4.652       -0.105  
  174     2.5   0.25   0.016   3730241.2      4.618       -0.258  
  175     2.5   0.25   0.016   4972807.2      4.583       -0.411  
  176     2.5   0.25   0.016   6708427.3      4.548       -0.563  
  177     2.5   0.25   0.016   9173037.9      4.513       -0.716  
  178     2.5   0.25   0.016   1.31015552E7   4.478       -0.868  
  179     2.5   0.25   0.016   1.95767841E7   4.442       -1.02   
  180     2.5   0.25   0.016   3.08251113E7   4.407       -1.172  
  181     3.5   0.25   0.016   0.0            4.0         4.138   
  182     3.5   0.25   0.016   11.7           4.111       4.138   
  183     3.5   0.25   0.016   28.6           4.223       4.138   
  184     3.5   0.25   0.016   51.8           4.334       4.138   
  185     3.5   0.25   0.016   87.1           4.445       4.138   
  186     3.5   0.25   0.016   131.2          4.557       4.137   
  187     3.5   0.25   0.016   199.4          4.668       4.136   
  188     3.5   0.25   0.016   287.1          4.779       4.134   
  189     3.5   0.25   0.016   390.5          4.891       4.13    
  190     3.5   0.25   0.016   507.9          5.002       4.123   
  191     3.5   0.25   0.016   633.3          5.113       4.107   
  192     3.5   0.25   0.016   769.1          5.222       4.078   
  193     3.5   0.25   0.016   905.4          5.324       4.011   
  194     3.5   0.25   0.016   1017.3         5.385       3.868   
  195     3.5   0.25   0.016   1067.2         5.39        3.699   
  196     3.5   0.25   0.016   1095.4         5.379       3.531   
  197     3.5   0.25   0.016   1123.7         5.367       3.362   
  198     3.5   0.25   0.016   1144.7         5.342       3.197   
  199     3.5   0.25   0.016   1176.6         5.315       3.033   
  200     3.5   0.25   0.016   1350.5         5.285       2.869   
  201     3.5   0.25   0.016   2167.6         5.258       2.705   
  202     3.5   0.25   0.016   3675.3         5.23        2.541   
  203     3.5   0.25   0.016   5916.2         5.2         2.378   
  204     3.5   0.25   0.016   9861.7         5.17        2.215   
  205     3.5   0.25   0.016   15707.3        5.139       2.052   
  206     3.5   0.25   0.016   25191.2        5.108       1.89    
  207     3.5   0.25   0.016   40498.1        5.076       1.727   
  208     3.5   0.25   0.016   65429.8        5.044       1.565   
  209     3.5   0.25   0.016   103948.2       5.011       1.403   
  210     3.5   0.25   0.016   158505.2       4.978       1.242   
  211     3.5   0.25   0.016   232510.2       4.944       1.08    
  212     3.5   0.25   0.016   331783.2       4.91        0.919   
  213     3.5   0.25   0.016   470037.0       4.876       0.758   
  214     3.5   0.25   0.016   641139.4       4.84        0.597   
  215     3.5   0.25   0.016   812241.8       4.805       0.436   
  216     3.5   0.25   0.016   1073081.8      4.769       0.276   
  217     3.5   0.25   0.016   1427191.8      4.733       0.116   
  218     3.5   0.25   0.016   1836416.4      4.696       -0.044  
  219     3.5   0.25   0.016   2380532.7      4.659       -0.204  
  220     3.5   0.25   0.016   3175457.9      4.622       -0.364  
  221     3.5   0.25   0.016   4409527.1      4.585       -0.523  
  222     3.5   0.25   0.016   7011900.6      4.547       -0.683  
  223     3.5   0.25   0.016   1.02653298E7   4.51        -0.842  
  224     3.5   0.25   0.016   1.67908307E7   4.473       -1.002  
  225     3.5   0.25   0.016   2.84733936E7   4.434       -1.161  
  226     5.0   0.25   0.016   0.0            4.0         4.36    
  227     5.0   0.25   0.016   3.3            4.121       4.36    
  228     5.0   0.25   0.016   5.7            4.242       4.36    
  229     5.0   0.25   0.016   7.6            4.363       4.36    
  230     5.0   0.25   0.016   10.2           4.484       4.36    
  231     5.0   0.25   0.016   14.1           4.604       4.359   
  232     5.0   0.25   0.016   20.3           4.725       4.359   
  233     5.0   0.25   0.016   28.8           4.846       4.357   
  234     5.0   0.25   0.016   40.3           4.967       4.355   
  235     5.0   0.25   0.016   54.5           5.088       4.351   
  236     5.0   0.25   0.016   71.1           5.209       4.343   
  237     5.0   0.25   0.016   89.5           5.329       4.328   
  238     5.0   0.25   0.016   109.4          5.448       4.294   
  239     5.0   0.25   0.016   129.8          5.551       4.199   
  240     5.0   0.25   0.016   141.7          5.581       4.02    
  241     5.0   0.25   0.016   145.5          5.567       3.838   
  242     5.0   0.25   0.016   147.5          5.542       3.658   
  243     5.0   0.25   0.016   149.4          5.51        3.48    
  244     5.0   0.25   0.016   151.7          5.476       3.304   
  245     5.0   0.25   0.016   155.5          5.44        3.128   
  246     5.0   0.25   0.016   167.1          5.403       2.953   
  247     5.0   0.25   0.016   219.5          5.366       2.778   
  248     5.0   0.25   0.016   603.0          5.33        2.602   
  249     5.0   0.25   0.016   1580.1         5.294       2.427   
  250     5.0   0.25   0.016   3512.1         5.257       2.252   
  251     5.0   0.25   0.016   6870.5         5.22        2.076   
  252     5.0   0.25   0.016   12915.8        5.182       1.902   
  253     5.0   0.25   0.016   23535.6        5.145       1.727   
  254     5.0   0.25   0.016   40411.7        5.107       1.552   
  255     5.0   0.25   0.016   67786.6        5.069       1.377   
  256     5.0   0.25   0.016   103747.8       5.03        1.203   
  257     5.0   0.25   0.016   153402.3       4.991       1.029   
  258     5.0   0.25   0.016   221025.9       4.952       0.855   
  259     5.0   0.25   0.016   314620.9       4.912       0.681   
  260     5.0   0.25   0.016   432909.6       4.872       0.508   
  261     5.0   0.25   0.016   591289.4       4.832       0.334   
  262     5.0   0.25   0.016   812814.0       4.791       0.161   
  263     5.0   0.25   0.016   1121548.9      4.75        -0.012  
  264     5.0   0.25   0.016   1537543.1      4.71        -0.185  
  265     5.0   0.25   0.016   2091488.0      4.669       -0.359  
  266     5.0   0.25   0.016   3048361.7      4.628       -0.531  
  267     5.0   0.25   0.016   5469434.6      4.586       -0.704  
  268     5.0   0.25   0.016   1.16387984E7   4.545       -0.877  
  269     5.0   0.25   0.016   2.29176246E7   4.503       -1.05   
  270     5.0   0.25   0.016   4.06998326E7   4.461       -1.222  
  271     2.0   0.25   0.008   0.0            4.0         3.977   
  272     2.0   0.25   0.008   42.1           4.114       3.977   
  273     2.0   0.25   0.008   108.3          4.228       3.976   
  274     2.0   0.25   0.008   205.7          4.342       3.976   
  275     2.0   0.25   0.008   344.1          4.455       3.975   
  276     2.0   0.25   0.008   529.1          4.569       3.973   
  277     2.0   0.25   0.008   778.2          4.683       3.969   
  278     2.0   0.25   0.008   1082.0         4.797       3.964   
  279     2.0   0.25   0.008   1425.7         4.91        3.953   
  280     2.0   0.25   0.008   1811.7         5.024       3.932   
  281     2.0   0.25   0.008   2219.3         5.134       3.892   
  282     2.0   0.25   0.008   2634.6         5.233       3.805   
  283     2.0   0.25   0.008   2961.6         5.288       3.654   
  284     2.0   0.25   0.008   3127.0         5.298       3.481   
  285     2.0   0.25   0.008   3170.2         5.284       3.309   
  286     2.0   0.25   0.008   3213.5         5.27        3.137   
  287     2.0   0.25   0.008   3241.8         5.244       2.969   
  288     2.0   0.25   0.008   3276.0         5.216       2.801   
  289     2.0   0.25   0.008   3320.6         5.187       2.633   
  290     2.0   0.25   0.008   3427.9         5.156       2.466   
  291     2.0   0.25   0.008   3729.7         5.125       2.3     
  292     2.0   0.25   0.008   5848.1         5.089       2.135   
  293     3.5   0.25   0.008   0.0            4.0         4.216   
  294     3.5   0.25   0.008   7.4            4.115       4.216   
  295     3.5   0.25   0.008   16.5           4.23        4.216   
  296     3.5   0.25   0.008   29.2           4.346       4.215   
  297     3.5   0.25   0.008   47.2           4.461       4.215   
  298     3.5   0.25   0.008   72.7           4.576       4.214   
  299     3.5   0.25   0.008   110.6          4.691       4.213   
  300     3.5   0.25   0.008   160.1          4.806       4.211   
  301     3.5   0.25   0.008   219.9          4.921       4.208   
  302     3.5   0.25   0.008   288.7          5.036       4.201   
  303     3.5   0.25   0.008   363.2          5.151       4.189   
  304     3.5   0.25   0.008   440.6          5.265       4.164   
  305     3.5   0.25   0.008   520.3          5.374       4.106   
  306     3.5   0.25   0.008   591.1          5.449       3.972   
  307     3.5   0.25   0.008   626.8          5.465       3.799   
  308     3.5   0.25   0.008   637.1          5.449       3.625   
  309     3.5   0.25   0.008   645.3          5.425       3.454   
  310     3.5   0.25   0.008   653.5          5.4         3.282   
  311     3.5   0.25   0.008   664.9          5.371       3.113   
  312     3.5   0.25   0.008   685.7          5.339       2.944   
  313     3.5   0.25   0.008   756.8          5.306       2.777   
  314     3.5   0.25   0.008   1105.3         5.273       2.608   
  315     3.5   0.25   0.008   2338.3         5.242       2.44    
  316     3.5   0.25   0.008   4766.6         5.21        2.272   
  317     3.5   0.25   0.008   8936.3         5.176       2.104   
  318     3.5   0.25   0.008   15261.9        5.143       1.936   
  319     3.5   0.25   0.008   25234.6        5.108       1.769   
  320     3.5   0.25   0.008   44546.9        5.074       1.602   
  321     3.5   0.25   0.008   69891.5        5.038       1.435   
  322     3.5   0.25   0.008   113353.2       5.003       1.268   
  323     3.5   0.25   0.008   179104.0       4.968       1.101   
  324     3.5   0.25   0.008   263447.2       4.932       0.935   
  325     3.5   0.25   0.008   375219.8       4.895       0.768   
  326     3.5   0.25   0.008   523545.2       4.859       0.602   
  327     3.5   0.25   0.008   721871.2       4.821       0.437   
  328     3.5   0.25   0.008   920197.2       4.783       0.271   
  329     3.5   0.25   0.008   1244622.7      4.746       0.105   
  330     3.5   0.25   0.008   1704246.6      4.707       -0.06   
  331     3.5   0.25   0.008   2390467.8      4.669       -0.225  
  332     3.5   0.25   0.008   3461404.1      4.63        -0.39   
  333     3.5   0.25   0.008   4920564.0      4.591       -0.555  
  334     3.5   0.25   0.008   7234475.8      4.552       -0.72   
  335     3.5   0.25   0.008   1.26604436E7   4.513       -0.885  
  336     3.5   0.25   0.008   2.31548142E7   4.473       -1.049  
  337     3.5   0.25   0.008   3.58281092E7   4.434       -1.214  
  338     5.0   0.25   0.008   0.0            4.0         4.37    
  339     5.0   0.25   0.008   3.0            4.112       4.37    
  340     5.0   0.25   0.008   5.4            4.224       4.37    
  341     5.0   0.25   0.008   7.6            4.336       4.37    
  342     5.0   0.25   0.008   10.3           4.448       4.37    
  343     5.0   0.25   0.008   13.6           4.56        4.37    
  344     5.0   0.25   0.008   19.2           4.672       4.369   
  345     5.0   0.25   0.008   26.3           4.784       4.369   
  346     5.0   0.25   0.008   36.0           4.897       4.367   
  347     5.0   0.25   0.008   47.3           5.009       4.365   
  348     5.0   0.25   0.008   61.2           5.121       4.361   
  349     5.0   0.25   0.008   75.7           5.233       4.353   
  350     5.0   0.25   0.008   91.6           5.344       4.339   
  351     5.0   0.25   0.008   108.3          5.455       4.31    
  352     5.0   0.25   0.008   125.3          5.555       4.233   
  353     5.0   0.25   0.008   137.5          5.6         4.077   
  354     5.0   0.25   0.008   141.6          5.593       3.907   
  355     5.0   0.25   0.008   143.5          5.573       3.739   
  356     5.0   0.25   0.008   144.8          5.545       3.574   
  357     5.0   0.25   0.008   146.0          5.514       3.41    
  358     5.0   0.25   0.008   147.6          5.481       3.247   
  359     5.0   0.25   0.008   151.1          5.447       3.085   
  360     5.0   0.25   0.008   159.4          5.412       2.923   
  361     5.0   0.25   0.008   181.9          5.377       2.761   
  362     5.0   0.25   0.008   274.3          5.342       2.599   
  363     5.0   0.25   0.008   664.2          5.307       2.437   
  364     5.0   0.25   0.008   1736.8         5.273       2.274   
  365     5.0   0.25   0.008   3680.0         5.238       2.112   
  366     5.0   0.25   0.008   6802.2         5.203       1.95    
  367     5.0   0.25   0.008   11935.0        5.167       1.789   
  368     5.0   0.25   0.008   20075.9        5.131       1.627   
  369     5.0   0.25   0.008   31952.6        5.096       1.465   
  370     5.0   0.25   0.008   50296.6        5.06        1.304   
  371     5.0   0.25   0.008   78524.1        5.023       1.143   
  372     5.0   0.25   0.008   116726.2       4.986       0.982   
  373     5.0   0.25   0.008   171263.2       4.95        0.821   
  374     5.0   0.25   0.008   238856.1       4.912       0.66    
  375     5.0   0.25   0.008   343327.1       4.875       0.499   
  376     5.0   0.25   0.008   478183.3       4.837       0.338   
  377     5.0   0.25   0.008   662662.7       4.8         0.178   
  378     5.0   0.25   0.008   911372.5       4.762       0.017   
  379     5.0   0.25   0.008   1205689.9      4.724       -0.143  
  380     5.0   0.25   0.008   1674051.1      4.685       -0.303  
  381     5.0   0.25   0.008   2422995.8      4.647       -0.464  
  382     5.0   0.25   0.008   3959814.2      4.609       -0.624  
  383     1.0   0.25   0.004   0.0            4.0         3.641   
  384     1.0   0.25   0.004   943.5          4.095       3.645   
  385     1.0   0.25   0.004   2147.9         4.191       3.649   
  386     1.0   0.25   0.004   3612.6         4.286       3.653   
  387     1.0   0.25   0.004   5307.7         4.381       3.657   
  388     1.0   0.25   0.004   7172.4         4.477       3.66    
  389     1.0   0.25   0.004   9190.7         4.572       3.66    
  390     1.0   0.25   0.004   11276.6        4.667       3.656   
  391     1.0   0.25   0.004   13515.8        4.763       3.649   
  392     1.0   0.25   0.004   15739.6        4.857       3.631   
  393     1.0   0.25   0.004   18025.9        4.95        3.599   
  394     1.0   0.25   0.004   20318.5        5.036       3.535   
  395     1.0   0.25   0.004   22367.8        5.099       3.427   
  396     1.0   0.25   0.004   23914.9        5.132       3.29    
  397     1.0   0.25   0.004   24859.2        5.138       3.145   
  398     1.0   0.25   0.004   25475.7        5.135       3.0     
  399     1.0   0.25   0.004   25780.3        5.122       2.857   
  400     1.0   0.25   0.004   26056.4        5.105       2.714   
  401     1.0   0.25   0.004   26377.7        5.086       2.571   
  402     1.0   0.25   0.004   26818.2        5.066       2.429   
  403     1.0   0.25   0.004   28862.6        5.045       2.288   
  404     1.0   0.25   0.004   45388.5        5.029       2.145   
  405     1.0   0.25   0.004   66622.2        5.011       2.002   
  406     1.0   0.25   0.004   92583.9        4.99        1.861   
  407     1.0   0.25   0.004   130017.3       4.969       1.719   
  408     1.0   0.25   0.004   175818.3       4.946       1.578   
  409     1.0   0.25   0.004   247816.1       4.924       1.437   
  410     1.0   0.25   0.004   343488.4       4.901       1.296   
  411     1.0   0.25   0.004   466533.7       4.877       1.156   
  412     1.0   0.25   0.004   637505.7       4.852       1.016   
  413     1.0   0.25   0.004   838732.6       4.826       0.876   
  414     1.0   0.25   0.004   1059747.3      4.799       0.737   
  415     1.0   0.25   0.004   1322625.9      4.772       0.598   
  416     1.0   0.25   0.004   1649042.9      4.743       0.459   
  417     1.0   0.25   0.004   2067460.8      4.715       0.321   
  418     1.0   0.25   0.004   2485878.8      4.686       0.182   
  419     1.0   0.25   0.004   3112823.3      4.657       0.044   
  420     1.0   0.25   0.004   3836771.6      4.627       -0.093  
  421     1.0   0.25   0.004   4774958.3      4.597       -0.231  
  422     1.0   0.25   0.004   6083001.2      4.566       -0.369  
  423     1.0   0.25   0.004   7992644.0      4.536       -0.506  
  424     1.0   0.25   0.004   1.03533145E7   4.506       -0.644  
  425     1.0   0.25   0.004   1.37424168E7   4.474       -0.781  
  426     1.0   0.25   0.004   2.03494659E7   4.443       -0.918  
  427     1.0   0.25   0.004   2.95175328E7   4.411       -1.055  
  428     1.5   0.25   0.004   0.0            4.0         3.87    
  429     1.5   0.25   0.004   116.5          4.101       3.87    
  430     1.5   0.25   0.004   286.6          4.203       3.87    
  431     1.5   0.25   0.004   533.5          4.304       3.87    
  432     1.5   0.25   0.004   871.4          4.405       3.869   
  433     1.5   0.25   0.004   1290.0         4.506       3.867   
  434     1.5   0.25   0.004   1807.0         4.608       3.865   
  435     1.5   0.25   0.004   2424.1         4.709       3.86    
  436     1.5   0.25   0.004   3113.1         4.81        3.852   
  437     1.5   0.25   0.004   3847.6         4.911       3.838   
  438     1.5   0.25   0.004   4641.1         5.01        3.811   
  439     1.5   0.25   0.004   5449.1         5.106       3.761   
  440     1.5   0.25   0.004   6235.0         5.186       3.667   
  441     1.5   0.25   0.004   6826.8         5.229       3.528   
  442     1.5   0.25   0.004   7154.8         5.237       3.374   
  443     1.5   0.25   0.004   7266.0         5.227       3.221   
  444     1.5   0.25   0.004   7377.2         5.216       3.068   
  445     1.5   0.25   0.004   7452.6         5.197       2.916   
  446     1.5   0.25   0.004   7528.0         5.178       2.765   
  447     1.5   0.25   0.004   7615.9         5.154       2.615   
  448     1.5   0.25   0.004   7784.1         5.128       2.466   
  449     1.5   0.25   0.004   8180.7         5.101       2.318   
  450     1.5   0.25   0.004   11163.8        5.076       2.169   
  451     1.5   0.25   0.004   23124.7        5.052       2.019   
  452     1.5   0.25   0.004   42160.4        5.027       1.869   
  453     1.5   0.25   0.004   73582.8        5.003       1.72    
  454     1.5   0.25   0.004   114768.0       4.978       1.57    
  455     1.5   0.25   0.004   180163.5       4.952       1.422   
  456     1.5   0.25   0.004   261617.7       4.925       1.273   
  457     1.5   0.25   0.004   370824.7       4.898       1.124   
  458     1.5   0.25   0.004   514748.1       4.87        0.976   
  459     1.5   0.25   0.004   697135.5       4.841       0.829   
  460     1.5   0.25   0.004   927734.3       4.811       0.682   
  461     1.5   0.25   0.004   1224424.0      4.781       0.535   
  462     1.5   0.25   0.004   1521113.6      4.75        0.388   
  463     1.5   0.25   0.004   1954736.8      4.719       0.241   
  464     1.5   0.25   0.004   2451834.7      4.687       0.095   
  465     1.5   0.25   0.004   3086190.2      4.655       -0.051  
  466     1.5   0.25   0.004   3955887.7      4.622       -0.197  
  467     1.5   0.25   0.004   4825585.2      4.59        -0.343  
  468     1.5   0.25   0.004   6394720.0      4.557       -0.489  
  469     1.5   0.25   0.004   8786817.0      4.524       -0.634  
  470     1.5   0.25   0.004   1.22166113E7   4.49        -0.78   
  471     1.5   0.25   0.004   1.75517344E7   4.457       -0.925  
  472     1.5   0.25   0.004   2.67392384E7   4.423       -1.071  
  473     2.0   0.25   0.004   0.0            4.0         3.918   
  474     2.0   0.25   0.004   226.3          4.105       3.922   
  475     2.0   0.25   0.004   518.9          4.209       3.927   
  476     2.0   0.25   0.004   876.5          4.314       3.931   
  477     2.0   0.25   0.004   1266.3         4.419       3.935   
  478     2.0   0.25   0.004   1697.7         4.523       3.938   
  479     2.0   0.25   0.004   2193.6         4.628       3.94    
  480     2.0   0.25   0.004   2705.2         4.733       3.939   
  481     2.0   0.25   0.004   3243.6         4.838       3.936   
  482     2.0   0.25   0.004   3788.7         4.942       3.927   
  483     2.0   0.25   0.004   4330.2         5.046       3.906   
  484     2.0   0.25   0.004   4858.6         5.147       3.863   
  485     2.0   0.25   0.004   5366.7         5.234       3.775   
  486     2.0   0.25   0.004   5754.3         5.282       3.633   
  487     2.0   0.25   0.004   5980.0         5.292       3.474   
  488     2.0   0.25   0.004   6093.9         5.285       3.315   
  489     2.0   0.25   0.004   6148.2         5.267       3.158   
  490     2.0   0.25   0.004   6207.6         5.245       3.003   
  491     2.0   0.25   0.004   6289.8         5.222       2.847   
  492     2.0   0.25   0.004   6529.9         5.196       2.693   
  493     2.0   0.25   0.004   7752.0         5.172       2.538   
  494     2.0   0.25   0.004   11049.6        5.147       2.383   
  495     2.0   0.25   0.004   16107.9        5.123       2.228   
  496     2.0   0.25   0.004   23641.9        5.096       2.074   
  497     2.0   0.25   0.004   33164.5        5.069       1.92    
  498     2.0   0.25   0.004   49812.7        5.042       1.766   
  499     2.0   0.25   0.004   72527.1        5.013       1.613   
  500     2.0   0.25   0.004   112148.9       4.983       1.46    
  501     2.0   0.25   0.004   164338.4       4.954       1.307   
  502     2.0   0.25   0.004   237237.9       4.924       1.154   
  503     2.0   0.25   0.004   338898.2       4.893       1.002   
  504     2.0   0.25   0.004   476836.1       4.862       0.849   
  505     2.0   0.25   0.004   659443.6       4.831       0.698   
  506     2.0   0.25   0.004   899807.0       4.798       0.546   
  507     2.0   0.25   0.004   1140170.5      4.766       0.394   
  508     2.0   0.25   0.004   1505320.6      4.733       0.243   
  509     2.0   0.25   0.004   1999771.0      4.7         0.092   
  510     2.0   0.25   0.004   2494221.4      4.666       -0.059  
  511     2.0   0.25   0.004   3151065.2      4.632       -0.209  
  512     2.0   0.25   0.004   4306931.1      4.597       -0.36   
  513     2.0   0.25   0.004   5953696.0      4.563       -0.51   
  514     2.0   0.25   0.004   8411310.6      4.528       -0.661  
  515     2.0   0.25   0.004   1.15617324E7   4.494       -0.811  
  516     2.0   0.25   0.004   1.76910306E7   4.459       -0.961  
  517     2.0   0.25   0.004   2.6551698E7    4.424       -1.112  
  518     2.5   0.25   0.004   0.0            4.0         4.152   
  519     2.5   0.25   0.004   8.5            4.109       4.151   
  520     2.5   0.25   0.004   20.0           4.217       4.15    
  521     2.5   0.25   0.004   36.8           4.326       4.148   
  522     2.5   0.25   0.004   62.0           4.435       4.145   
  523     2.5   0.25   0.004   100.8          4.543       4.141   
  524     2.5   0.25   0.004   165.7          4.652       4.134   
  525     2.5   0.25   0.004   271.2          4.76        4.125   
  526     2.5   0.25   0.004   429.3          4.868       4.11    
  527     2.5   0.25   0.004   665.4          4.976       4.091   
  528     2.5   0.25   0.004   998.7          5.084       4.066   
  529     2.5   0.25   0.004   1499.6         5.19        4.028   
  530     2.5   0.25   0.004   2315.6         5.289       3.961   
  531     2.5   0.25   0.004   3572.9         5.355       3.83    
  532     2.5   0.25   0.004   4701.9         5.376       3.668   
  533     2.5   0.25   0.004   5511.1         5.375       3.502   
  534     2.5   0.25   0.004   6138.0         5.362       3.338   
  535     2.5   0.25   0.004   6724.4         5.344       3.175   
  536     2.5   0.25   0.004   7392.1         5.321       3.014   
  537     2.5   0.25   0.004   8210.5         5.295       2.853   
  538     2.5   0.25   0.004   9394.1         5.268       2.693   
  539     2.5   0.25   0.004   11089.1        5.239       2.533   
  540     2.5   0.25   0.004   13376.9        5.21        2.374   
  541     2.5   0.25   0.004   17088.3        5.179       2.215   
  542     2.5   0.25   0.004   22405.3        5.148       2.057   
  543     2.5   0.25   0.004   30664.3        5.116       1.899   
  544     2.5   0.25   0.004   41352.8        5.084       1.741   
  545     2.5   0.25   0.004   58888.5        5.05        1.584   
  546     2.5   0.25   0.004   82592.4        5.017       1.427   
  547     2.5   0.25   0.004   123810.6       4.983       1.27    
  548     2.5   0.25   0.004   178499.8       4.95        1.112   
  549     2.5   0.25   0.004   255611.1       4.916       0.955   
  550     2.5   0.25   0.004   364813.5       4.881       0.799   
  551     2.5   0.25   0.004   516259.3       4.846       0.642   
  552     2.5   0.25   0.004   720776.5       4.811       0.485   
  553     2.5   0.25   0.004   995410.5       4.775       0.329   
  554     2.5   0.25   0.004   1368221.7      4.74        0.173   
  555     2.5   0.25   0.004   1741032.9      4.704       0.017   
  556     2.5   0.25   0.004   2332956.4      4.668       -0.139  
  557     2.5   0.25   0.004   3109869.7      4.632       -0.295  
  558     2.5   0.25   0.004   4141244.5      4.595       -0.451  
  559     2.5   0.25   0.004   5750572.7      4.559       -0.606  
  560     2.5   0.25   0.004   8199415.3      4.522       -0.762  
  561     2.5   0.25   0.004   1.24358167E7   4.485       -0.918  
  562     2.5   0.25   0.004   1.9600968E7    4.448       -1.073  
  563     3.5   0.25   0.004   0.0            4.0         4.296   
  564     3.5   0.25   0.004   4.4            4.116       4.296   
  565     3.5   0.25   0.004   10.4           4.231       4.295   
  566     3.5   0.25   0.004   17.1           4.347       4.295   
  567     3.5   0.25   0.004   26.0           4.462       4.295   
  568     3.5   0.25   0.004   38.7           4.578       4.295   
  569     3.5   0.25   0.004   57.5           4.693       4.294   
  570     3.5   0.25   0.004   82.1           4.809       4.292   
  571     3.5   0.25   0.004   111.9          4.924       4.289   
  572     3.5   0.25   0.004   146.4          5.04        4.285   
  573     3.5   0.25   0.004   184.5          5.155       4.277   
  574     3.5   0.25   0.004   224.3          5.271       4.262   
  575     3.5   0.25   0.004   265.3          5.384       4.228   
  576     3.5   0.25   0.004   307.0          5.487       4.148   
  577     3.5   0.25   0.004   335.4          5.532       3.986   
  578     3.5   0.25   0.004   342.6          5.52        3.811   
  579     3.5   0.25   0.004   349.7          5.507       3.637   
  580     3.5   0.25   0.004   353.6          5.479       3.466   
  581     3.5   0.25   0.004   357.5          5.451       3.296   
  582     3.5   0.25   0.004   362.9          5.418       3.127   
  583     3.5   0.25   0.004   372.1          5.384       2.959   
  584     3.5   0.25   0.004   389.0          5.35        2.791   
  585     3.5   0.25   0.004   423.4          5.315       2.623   
  586     3.5   0.25   0.004   586.1          5.279       2.456   
  587     3.5   0.25   0.004   1243.5         5.243       2.289   
  588     3.5   0.25   0.004   3871.2         5.209       2.121   
  589     3.5   0.25   0.004   8397.4         5.173       1.954   
  590     3.5   0.25   0.004   16605.4        5.138       1.786   
  591     3.5   0.25   0.004   32229.2        5.103       1.619   
  592     3.5   0.25   0.004   57142.6        5.067       1.452   
  593     3.5   0.25   0.004   90017.9        5.031       1.285   
  594     3.5   0.25   0.004   145476.6       4.994       1.118   
  595     3.5   0.25   0.004   215352.0       4.957       0.951   
  596     3.5   0.25   0.004   306781.1       4.92        0.785   
  597     3.5   0.25   0.004   428207.0       4.882       0.618   
  598     3.5   0.25   0.004   592080.2       4.845       0.452   
  599     3.5   0.25   0.004   755953.4       4.807       0.286   
  600     3.5   0.25   0.004   1027694.6      4.768       0.12    
  601     3.5   0.25   0.004   1422991.1      4.729       -0.045  
  602     3.5   0.25   0.004   1939710.3      4.69        -0.211  
  603     3.5   0.25   0.004   2726019.3      4.651       -0.376  
  604     3.5   0.25   0.004   4051508.5      4.612       -0.542  
  605     3.5   0.25   0.004   6986859.5      4.573       -0.707  
  606     3.5   0.25   0.004   1.33543083E7   4.533       -0.872  
  607     3.5   0.25   0.004   2.34900676E7   4.494       -1.037  
  608     5.0   0.25   0.004   0.0            4.0         4.399   
  609     5.0   0.25   0.004   3.2            4.111       4.399   
  610     5.0   0.25   0.004   5.5            4.223       4.399   
  611     5.0   0.25   0.004   7.8            4.334       4.399   
  612     5.0   0.25   0.004   9.9            4.445       4.399   
  613     5.0   0.25   0.004   13.0           4.556       4.398   
  614     5.0   0.25   0.004   17.8           4.668       4.398   
  615     5.0   0.25   0.004   24.0           4.779       4.398   
  616     5.0   0.25   0.004   31.7           4.89        4.396   
  617     5.0   0.25   0.004   41.5           5.002       4.395   
  618     5.0   0.25   0.004   52.5           5.113       4.391   
  619     5.0   0.25   0.004   64.6           5.224       4.385   
  620     5.0   0.25   0.004   77.1           5.335       4.374   
  621     5.0   0.25   0.004   90.1           5.446       4.353   
  622     5.0   0.25   0.004   103.8          5.552       4.302   
  623     5.0   0.25   0.004   116.0          5.621       4.169   
  624     5.0   0.25   0.004   120.7          5.623       4.0     
  625     5.0   0.25   0.004   122.5          5.605       3.833   
  626     5.0   0.25   0.004   123.7          5.579       3.668   
  627     5.0   0.25   0.004   124.9          5.549       3.505   
  628     5.0   0.25   0.004   126.3          5.517       3.343   
  629     5.0   0.25   0.004   128.3          5.484       3.181   
  630     5.0   0.25   0.004   131.7          5.45        3.02    
  631     5.0   0.25   0.004   141.2          5.415       2.859   
  632     5.0   0.25   0.004   175.0          5.379       2.698   
  633     5.0   0.25   0.004   297.8          5.344       2.538   
  634     5.0   0.25   0.004   708.4          5.309       2.377   
  635     5.0   0.25   0.004   1787.3         5.274       2.216   
  636     5.0   0.25   0.004   3846.4         5.239       2.056   
  637     5.0   0.25   0.004   7382.1         5.204       1.895   
  638     5.0   0.25   0.004   12811.0        5.168       1.734   
  639     5.0   0.25   0.004   21460.9        5.133       1.574   
  640     5.0   0.25   0.004   34887.5        5.097       1.414   
  641     5.0   0.25   0.004   56236.9        5.061       1.254   
  642     5.0   0.25   0.004   86229.2        5.024       1.094   
  643     5.0   0.25   0.004   123028.6       4.987       0.934   
  644     5.0   0.25   0.004   180864.9       4.95        0.774   
  645     5.0   0.25   0.004   254314.5       4.913       0.614   
  646     5.0   0.25   0.004   352464.0       4.876       0.455   
  647     5.0   0.25   0.004   487730.4       4.838       0.295   
  648     5.0   0.25   0.004   672243.6       4.801       0.136   
  649     5.0   0.25   0.004   919383.1       4.763       -0.023  
  650     5.0   0.25   0.004   1220395.0      4.725       -0.183  
  651     5.0   0.25   0.004   1694149.9      4.687       -0.342  
  652     5.0   0.25   0.004   2580437.2      4.648       -0.501  
  653     1.0   0.25   0.001   0.0            4.0         3.776   
  654     1.0   0.25   0.001   328.2          4.098       3.776   
  655     1.0   0.25   0.001   775.9          4.196       3.776   
  656     1.0   0.25   0.001   1370.9         4.295       3.776   
  657     1.0   0.25   0.001   2147.8         4.393       3.776   
  658     1.0   0.25   0.001   3101.5         4.491       3.774   
  659     1.0   0.25   0.001   4253.8         4.589       3.773   
  660     1.0   0.25   0.001   5501.1         4.688       3.767   
  661     1.0   0.25   0.001   6871.2         4.786       3.759   
  662     1.0   0.25   0.001   8317.1         4.883       3.744   
  663     1.0   0.25   0.001   9779.6         4.98        3.716   
  664     1.0   0.25   0.001   11285.0        5.072       3.663   
  665     1.0   0.25   0.001   12704.1        5.148       3.568   
  666     1.0   0.25   0.001   13827.7        5.191       3.434   
  667     1.0   0.25   0.001   14550.7        5.203       3.285   
  668     1.0   0.25   0.001   14800.1        5.194       3.137   
  669     1.0   0.25   0.001   15049.5        5.185       2.988   
  670     1.0   0.25   0.001   15202.9        5.167       2.841   
  671     1.0   0.25   0.001   15356.3        5.15        2.693   
  672     1.0   0.25   0.001   15514.9        5.128       2.548   
  673     1.0   0.25   0.001   15740.2        5.104       2.403   
  674     1.0   0.25   0.001   16394.4        5.079       2.258   
  675     1.0   0.25   0.001   19054.0        5.054       2.113   
  676     1.0   0.25   0.001   31747.3        5.032       1.968   
  677     1.0   0.25   0.001   52644.0        5.009       1.822   
  678     1.0   0.25   0.001   85692.8        4.986       1.677   
  679     1.0   0.25   0.001   136428.6       4.961       1.533   
  680     1.0   0.25   0.001   200335.4       4.936       1.388   
  681     1.0   0.25   0.001   285935.9       4.91        1.244   
  682     1.0   0.25   0.001   421110.9       4.884       1.1     
  683     1.0   0.25   0.001   568703.4       4.857       0.956   
  684     1.0   0.25   0.001   744582.6       4.829       0.812   
  685     1.0   0.25   0.001   964233.1       4.8         0.669   
  686     1.0   0.25   0.001   1244129.5      4.771       0.527   
  687     1.0   0.25   0.001   1606161.6      4.742       0.384   
  688     1.0   0.25   0.001   1968193.8      4.712       0.242   
  689     1.0   0.25   0.001   2425509.1      4.681       0.1     
  690     1.0   0.25   0.001   3029092.9      4.651       -0.042  
  691     1.0   0.25   0.001   3856672.0      4.62        -0.184  
  692     1.0   0.25   0.001   4968514.8      4.588       -0.326  
  693     1.0   0.25   0.001   6487932.4      4.556       -0.467  
  694     1.0   0.25   0.001   8669595.7      4.524       -0.608  
  695     1.0   0.25   0.001   1.18827913E7   4.491       -0.75   
  696     1.0   0.25   0.001   1.779853E7     4.459       -0.891  
  697     1.0   0.25   0.001   2.59390296E7   4.427       -1.032  
  698     1.5   0.25   0.001   0.0            4.0         3.985   
  699     1.5   0.25   0.001   53.5           4.114       3.985   
  700     1.5   0.25   0.001   137.7          4.228       3.984   
  701     1.5   0.25   0.001   257.5          4.342       3.983   
  702     1.5   0.25   0.001   430.7          4.455       3.982   
  703     1.5   0.25   0.001   656.8          4.569       3.98    
  704     1.5   0.25   0.001   950.4          4.683       3.977   
  705     1.5   0.25   0.001   1288.5         4.797       3.972   
  706     1.5   0.25   0.001   1664.6         4.911       3.962   
  707     1.5   0.25   0.001   2069.1         5.024       3.944   
  708     1.5   0.25   0.001   2485.3         5.135       3.908   
  709     1.5   0.25   0.001   2904.1         5.238       3.833   
  710     1.5   0.25   0.001   3246.7         5.302       3.689   
  711     1.5   0.25   0.001   3409.0         5.312       3.517   
  712     1.5   0.25   0.001   3459.0         5.298       3.345   
  713     1.5   0.25   0.001   3509.1         5.284       3.173   
  714     1.5   0.25   0.001   3544.3         5.262       3.003   
  715     1.5   0.25   0.001   3579.5         5.239       2.833   
  716     1.5   0.25   0.001   3617.0         5.21        2.666   
  717     1.5   0.25   0.001   3665.7         5.181       2.498   
  718     1.5   0.25   0.001   3778.7         5.148       2.332   
  719     1.5   0.25   0.001   4055.2         5.115       2.167   
  720     1.5   0.25   0.001   4796.6         5.082       2.001   
