# recno   M      Y      Z       Time           log(Teff)   log(L)  
  1       1.0    0.25   0.016   0.0            4.0         3.525   
  2       1.0    0.25   0.016   30.9           4.107       3.512   
  3       1.0    0.25   0.016   76.0           4.213       3.495   
  4       1.0    0.25   0.016   143.3          4.318       3.468   
  5       1.0    0.25   0.016   244.9          4.422       3.425   
  6       1.0    0.25   0.016   639.6          4.316       3.447   
  7       1.0    0.25   0.016   742.4          4.21        3.476   
  8       1.0    0.25   0.016   877.0          4.105       3.499   
  9       1.0    0.25   0.016   1191.3         4.211       3.493   
  10      1.0    0.25   0.016   1358.3         4.317       3.472   
  11      1.0    0.25   0.016   1571.6         4.422       3.44    
  12      1.0    0.25   0.016   1917.0         4.524       3.391   
  13      1.0    0.25   0.016   3664.6         4.622       3.325   
  14      1.0    0.25   0.016   6229.1         4.714       3.242   
  15      1.0    0.25   0.016   11186.6        4.795       3.135   
  16      1.0    0.25   0.016   26162.7        4.811       3.296   
  17      1.0    0.25   0.016   41399.5        4.901       3.384   
  18      1.0    0.25   0.016   48667.8        4.994       3.304   
  19      1.0    0.25   0.016   53680.0        5.044       3.16    
  20      1.0    0.25   0.016   57319.5        5.058       2.998   
  21      1.0    0.25   0.016   60022.7        5.055       2.836   
  22      1.0    0.25   0.016   63126.2        5.045       2.674   
  23      1.0    0.25   0.016   70885.2        5.034       2.512   
  24      1.0    0.25   0.016   83456.3        5.021       2.351   
  25      1.0    0.25   0.016   100917.4       5.004       2.19    
  26      1.0    0.25   0.016   123893.1       4.984       2.03    
  27      1.0    0.25   0.016   156369.0       4.963       1.87    
  28      1.0    0.25   0.016   205739.4       4.942       1.711   
  29      1.0    0.25   0.016   273240.8       4.918       1.552   
  30      1.0    0.25   0.016   371703.7       4.894       1.394   
  31      1.0    0.25   0.016   514045.9       4.87        1.235   
  32      1.0    0.25   0.016   693994.4       4.843       1.077   
  33      1.0    0.25   0.016   917881.0       4.816       0.92    
  34      1.0    0.25   0.016   1179026.5      4.787       0.763   
  35      1.0    0.25   0.016   1483518.9      4.758       0.607   
  36      1.0    0.25   0.016   1904158.1      4.728       0.451   
  37      1.0    0.25   0.016   2422390.9      4.696       0.296   
  38      1.0    0.25   0.016   2940623.7      4.664       0.14    
  39      1.0    0.25   0.016   3739476.4      4.631       -0.015  
  40      1.0    0.25   0.016   4652079.9      4.599       -0.17   
  41      1.0    0.25   0.016   5870408.9      4.565       -0.324  
  42      1.0    0.25   0.016   7886541.7      4.531       -0.478  
  43      1.0    0.25   0.016   1.04170321E7   4.497       -0.632  
  44      1.0    0.25   0.016   1.39527077E7   4.463       -0.787  
  45      1.0    0.25   0.016   1.94842988E7   4.428       -0.941  
  46      1.5    0.25   0.016   0.0            4.0         3.612   
  47      1.5    0.25   0.016   144.5          4.106       3.604   
  48      1.5    0.25   0.016   354.8          4.212       3.593   
  49      1.5    0.25   0.016   679.6          4.318       3.576   
  50      1.5    0.25   0.016   1150.7         4.423       3.553   
  51      1.5    0.25   0.016   1876.8         4.527       3.519   
  52      1.5    0.25   0.016   3025.8         4.628       3.472   
  53      1.5    0.25   0.016   4837.8         4.726       3.408   
  54      1.5    0.25   0.016   17224.3        4.737       3.569   
  55      1.5    0.25   0.016   23267.4        4.838       3.618   
  56      1.5    0.25   0.016   26498.9        4.944       3.602   
  57      1.5    0.25   0.016   29163.1        5.042       3.539   
  58      1.5    0.25   0.016   31236.5        5.106       3.411   
  59      1.5    0.25   0.016   32743.6        5.132       3.254   
  60      1.5    0.25   0.016   33806.3        5.136       3.093   
  61      1.5    0.25   0.016   34577.9        5.124       2.932   
  62      1.5    0.25   0.016   35485.0        5.109       2.773   
  63      1.5    0.25   0.016   38817.5        5.093       2.613   
  64      1.5    0.25   0.016   45517.5        5.076       2.453   
  65      1.5    0.25   0.016   53818.4        5.056       2.295   
  66      1.5    0.25   0.016   66639.3        5.035       2.136   
  67      1.5    0.25   0.016   83922.1        5.012       1.979   
  68      1.5    0.25   0.016   110374.7       4.988       1.821   
  69      1.5    0.25   0.016   154685.4       4.964       1.664   
  70      1.5    0.25   0.016   218535.2       4.938       1.507   
  71      1.5    0.25   0.016   298372.0       4.912       1.35    
  72      1.5    0.25   0.016   418053.0       4.886       1.194   
  73      1.5    0.25   0.016   572912.6       4.857       1.038   
  74      1.5    0.25   0.016   766766.4       4.829       0.882   
  75      1.5    0.25   0.016   997695.9       4.799       0.727   
  76      1.5    0.25   0.016   1289019.6      4.769       0.573   
  77      1.5    0.25   0.016   1653517.0      4.738       0.418   
  78      1.5    0.25   0.016   2119396.4      4.705       0.264   
  79      1.5    0.25   0.016   2644822.2      4.673       0.11    
  80      1.5    0.25   0.016   3309034.4      4.64        -0.043  
  81      1.5    0.25   0.016   4204095.9      4.606       -0.197  
  82      1.5    0.25   0.016   5462318.9      4.572       -0.35   
  83      1.5    0.25   0.016   7306226.9      4.538       -0.503  
  84      1.5    0.25   0.016   9589210.2      4.504       -0.655  
  85      1.5    0.25   0.016   1.2936111E7    4.469       -0.808  
  86      1.5    0.25   0.016   1.96052233E7   4.434       -0.961  
  87      1.5    0.25   0.016   2.90212043E7   4.399       -1.113  
  88      1.5    0.25   0.016   4.16342144E7   4.364       -1.266  
  89      1.5    0.25   0.016   6.2786688E7    4.329       -1.418  
  90      1.5    0.25   0.016   8.64817721E7   4.293       -1.57   
  91      2.0    0.25   0.016   0.0            4.0         3.841   
  92      2.0    0.25   0.016   43.4           4.109       3.838   
  93      2.0    0.25   0.016   115.8          4.217       3.832   
  94      2.0    0.25   0.016   227.4          4.326       3.824   
  95      2.0    0.25   0.016   386.8          4.435       3.811   
  96      2.0    0.25   0.016   636.0          4.543       3.791   
  97      2.0    0.25   0.016   1055.0         4.65        3.764   
  98      2.0    0.25   0.016   1740.8         4.755       3.722   
  99      2.0    0.25   0.016   2886.7         4.856       3.661   
  100     2.0    0.25   0.016   4712.6         4.949       3.575   
  101     2.0    0.25   0.016   7202.2         5.025       3.456   
  102     2.0    0.25   0.016   14850.6        5.13        3.5     
  103     2.0    0.25   0.016   17230.7        5.178       3.351   
  104     2.0    0.25   0.016   18484.3        5.184       3.186   
  105     2.0    0.25   0.016   19533.3        5.177       3.02    
  106     2.0    0.25   0.016   21235.4        5.163       2.856   
  107     2.0    0.25   0.016   23580.4        5.146       2.693   
  108     2.0    0.25   0.016   27285.1        5.125       2.53    
  109     2.0    0.25   0.016   32345.2        5.102       2.368   
  110     2.0    0.25   0.016   39662.4        5.078       2.207   
  111     2.0    0.25   0.016   51318.3        5.053       2.046   
  112     2.0    0.25   0.016   69123.0        5.028       1.885   
  113     2.0    0.25   0.016   97210.5        5.0         1.725   
  114     2.0    0.25   0.016   142019.0       4.973       1.564   
  115     2.0    0.25   0.016   209514.1       4.944       1.405   
  116     2.0    0.25   0.016   294463.4       4.916       1.245   
  117     2.0    0.25   0.016   419979.6       4.887       1.085   
  118     2.0    0.25   0.016   594271.0       4.856       0.927   
  119     2.0    0.25   0.016   807518.0       4.824       0.768   
  120     2.0    0.25   0.016   1078445.0      4.792       0.61    
  121     2.0    0.25   0.016   1349372.1      4.76        0.452   
  122     2.0    0.25   0.016   1755019.6      4.726       0.294   
  123     2.0    0.25   0.016   2298920.7      4.693       0.137   
  124     2.0    0.25   0.016   2842821.8      4.659       -0.02   
  125     2.0    0.25   0.016   3710269.6      4.624       -0.177  
  126     2.0    0.25   0.016   4726494.4      4.589       -0.334  
  127     2.0    0.25   0.016   6141162.4      4.554       -0.49   
  128     2.0    0.25   0.016   8291105.5      4.518       -0.647  
  129     2.0    0.25   0.016   1.20923095E7   4.482       -0.803  
  130     2.0    0.25   0.016   1.71241096E7   4.446       -0.959  
  131     2.0    0.25   0.016   2.68356206E7   4.41        -1.115  
  132     2.0    0.25   0.016   4.02465234E7   4.373       -1.271  
  133     2.0    0.25   0.016   5.87562853E7   4.336       -1.427  
  134     2.0    0.25   0.016   8.58856539E7   4.299       -1.583  
  135     0.95   0.25   0.008   0.0            4.0         3.55    
  136     0.95   0.25   0.008   32.6           4.098       3.54    
  137     0.95   0.25   0.008   79.5           4.197       3.526   
  138     0.95   0.25   0.008   146.1          4.294       3.506   
  139     0.95   0.25   0.008   238.1          4.391       3.477   
  140     0.95   0.25   0.008   365.1          4.486       3.434   
  141     0.95   0.25   0.008   527.8          4.573       3.363   
  142     0.95   0.25   0.008   979.1          4.478       3.407   
  143     0.95   0.25   0.008   1224.9         4.386       3.459   
  144     0.95   0.25   0.008   1776.2         4.483       3.433   
  145     0.95   0.25   0.008   2170.8         4.576       3.382   
  146     0.95   0.25   0.008   2930.6         4.66        3.303   
  147     0.95   0.25   0.008   6437.1         4.741       3.216   
  148     0.95   0.25   0.008   11271.9        4.807       3.106   
  149     0.95   0.25   0.008   18630.9        4.861       2.98    
  150     0.95   0.25   0.008   42903.3        4.921       3.099   
  151     0.95   0.25   0.008   66086.4        5.014       3.049   
  152     0.95   0.25   0.008   73034.5        5.033       2.902   
  153     0.95   0.25   0.008   77961.4        5.032       2.752   
  154     0.95   0.25   0.008   82180.2        5.023       2.602   
  155     0.95   0.25   0.008   91442.8        5.014       2.453   
  156     0.95   0.25   0.008   103488.9       5.0         2.304   
  157     0.95   0.25   0.008   112895.1       4.983       2.156   
  158     0.95   0.25   0.008   143428.7       4.968       2.008   
  159     0.95   0.25   0.008   169460.8       4.949       1.86    
  160     0.95   0.25   0.008   223544.0       4.931       1.713   
  161     0.95   0.25   0.008   295100.2       4.912       1.566   
  162     0.95   0.25   0.008   394290.3       4.89        1.419   
  163     0.95   0.25   0.008   519722.6       4.868       1.273   
  164     0.95   0.25   0.008   683215.5       4.844       1.127   
  165     0.95   0.25   0.008   877004.0       4.82        0.982   
  166     0.95   0.25   0.008   1116843.0      4.794       0.837   
  167     0.95   0.25   0.008   1417184.6      4.767       0.692   
  168     0.95   0.25   0.008   1770820.7      4.74        0.548   
  169     0.95   0.25   0.008   2212831.6      4.712       0.404   
  170     0.95   0.25   0.008   2710816.6      4.683       0.26    
  171     0.95   0.25   0.008   3319805.9      4.653       0.117   
  172     0.95   0.25   0.008   4111728.3      4.623       -0.026  
  173     0.95   0.25   0.008   5182263.5      4.593       -0.169  
  174     0.95   0.25   0.008   6252798.7      4.563       -0.312  
  175     0.95   0.25   0.008   7996678.7      4.532       -0.454  
  176     0.95   0.25   0.008   1.04861145E7   4.5         -0.596  
  177     0.95   0.25   0.008   1.36598261E7   4.469       -0.739  
  178     0.95   0.25   0.008   1.894608E7     4.437       -0.881  
  179     0.95   0.25   0.008   2.71719753E7   4.405       -1.023  
  180     1.0    0.25   0.008   0.0            4.0         3.6     
  181     1.0    0.25   0.008   46.4           4.103       3.59    
  182     1.0    0.25   0.008   117.3          4.205       3.576   
  183     1.0    0.25   0.008   239.7          4.307       3.555   
  184     1.0    0.25   0.008   876.1          4.408       3.527   
  185     1.0    0.25   0.008   1624.2         4.508       3.492   
  186     1.0    0.25   0.008   2697.8         4.606       3.443   
  187     1.0    0.25   0.008   4524.9         4.698       3.374   
  188     1.0    0.25   0.008   7393.6         4.783       3.285   
  189     1.0    0.25   0.008   12334.7        4.855       3.173   
  190     1.0    0.25   0.008   27675.2        4.897       3.316   
  191     1.0    0.25   0.008   40729.9        4.996       3.358   
  192     1.0    0.25   0.008   46463.1        5.061       3.236   
  193     1.0    0.25   0.008   49702.5        5.081       3.083   
  194     1.0    0.25   0.008   52107.7        5.083       2.926   
  195     1.0    0.25   0.008   54467.7        5.075       2.77    
  196     1.0    0.25   0.008   58632.8        5.062       2.615   
  197     1.0    0.25   0.008   67042.5        5.05        2.459   
  198     1.0    0.25   0.008   70225.2        5.029       2.306   
  199     1.0    0.25   0.008   89841.0        5.014       2.152   
  200     1.0    0.25   0.008   110150.4       4.994       1.998   
  201     1.0    0.25   0.008   142186.0       4.972       1.845   
  202     1.0    0.25   0.008   185486.3       4.95        1.692   
  203     1.0    0.25   0.008   245226.8       4.927       1.54    
  204     1.0    0.25   0.008   335067.4       4.903       1.388   
  205     1.0    0.25   0.008   468693.5       4.878       1.236   
  206     1.0    0.25   0.008   624086.2       4.853       1.084   
  207     1.0    0.25   0.008   831484.7       4.826       0.933   
  208     1.0    0.25   0.008   1068266.7      4.798       0.782   
  209     1.0    0.25   0.008   1356753.8      4.769       0.632   
  210     1.0    0.25   0.008   1698862.2      4.74        0.482   
  211     1.0    0.25   0.008   2130250.4      4.71        0.333   
  212     1.0    0.25   0.008   2688835.7      4.679       0.183   
  213     1.0    0.25   0.008   3433557.8      4.647       0.034   
  214     1.0    0.25   0.008   4178280.0      4.616       -0.115  
  215     1.0    0.25   0.008   5172869.8      4.584       -0.263  
  216     1.0    0.25   0.008   6876659.3      4.551       -0.412  
  217     1.0    0.25   0.008   9258227.7      4.518       -0.56   
  218     1.0    0.25   0.008   1.21988561E7   4.484       -0.708  
  219     1.0    0.25   0.008   1.64351381E7   4.451       -0.856  
  220     1.0    0.25   0.008   2.47629509E7   4.417       -1.004  
  221     1.0    0.25   0.008   3.62452317E7   4.384       -1.151  
  222     1.0    0.25   0.008   5.26349273E7   4.35        -1.299  
  223     1.0    0.25   0.008   7.34180945E7   4.315       -1.446  
  224     1.5    0.25   0.008   0.0            4.0         3.792   
  225     1.5    0.25   0.008   72.0           4.108       3.787   
  226     1.5    0.25   0.008   178.3          4.216       3.78    
  227     1.5    0.25   0.008   341.3          4.323       3.769   
  228     1.5    0.25   0.008   601.3          4.431       3.753   
  229     1.5    0.25   0.008   999.1          4.537       3.73    
  230     1.5    0.25   0.008   1642.9         4.643       3.697   
  231     1.5    0.25   0.008   2662.6         4.746       3.648   
  232     1.5    0.25   0.008   4251.7         4.844       3.579   
  233     1.5    0.25   0.008   6569.7         4.932       3.485   
  234     1.5    0.25   0.008   10130.6        5.008       3.368   
  235     1.5    0.25   0.008   14913.2        5.026       3.53    
  236     1.5    0.25   0.008   19976.9        5.132       3.502   
  237     1.5    0.25   0.008   21723.0        5.169       3.348   
  238     1.5    0.25   0.008   22812.2        5.174       3.184   
  239     1.5    0.25   0.008   23688.9        5.166       3.02    
  240     1.5    0.25   0.008   24961.8        5.152       2.858   
  241     1.5    0.25   0.008   27426.7        5.137       2.695   
  242     1.5    0.25   0.008   31650.7        5.118       2.534   
  243     1.5    0.25   0.008   37096.8        5.096       2.373   
  244     1.5    0.25   0.008   45285.0        5.073       2.212   
  245     1.5    0.25   0.008   56953.4        5.049       2.053   
  246     1.5    0.25   0.008   74441.5        5.023       1.893   
  247     1.5    0.25   0.008   104178.6       4.997       1.734   
  248     1.5    0.25   0.008   150645.3       4.97        1.575   
  249     1.5    0.25   0.008   212302.3       4.943       1.416   
  250     1.5    0.25   0.008   316631.7       4.914       1.258   
  251     1.5    0.25   0.008   445461.6       4.885       1.1     
  252     1.5    0.25   0.008   609229.8       4.856       0.942   
  253     1.5    0.25   0.008   818261.6       4.825       0.785   
  254     1.5    0.25   0.008   1086638.8      4.793       0.628   
  255     1.5    0.25   0.008   1435162.0      4.761       0.471   
  256     1.5    0.25   0.008   1783685.1      4.728       0.315   
  257     1.5    0.25   0.008   2310012.7      4.695       0.159   
  258     1.5    0.25   0.008   2915630.0      4.661       0.003   
  259     1.5    0.25   0.008   3699486.5      4.627       -0.153  
  260     1.5    0.25   0.008   4791798.3      4.592       -0.308  
  261     1.5    0.25   0.008   6398986.8      4.557       -0.464  
  262     1.5    0.25   0.008   8858144.7      4.522       -0.619  
  263     1.5    0.25   0.008   1.1991434E7    4.487       -0.774  
  264     1.5    0.25   0.008   1.79615461E7   4.451       -0.929  
  265     1.5    0.25   0.008   2.65616735E7   4.415       -1.083  
  266     1.5    0.25   0.008   3.95546753E7   4.379       -1.238  
  267     1.5    0.25   0.008   5.78018486E7   4.343       -1.393  
  268     1.5    0.25   0.008   8.31722717E7   4.306       -1.547  
  269     2.0    0.25   0.008   0.0            4.0         3.918   
  270     2.0    0.25   0.008   44.1           4.113       3.915   
  271     2.0    0.25   0.008   113.2          4.225       3.91    
  272     2.0    0.25   0.008   218.5          4.338       3.903   
  273     2.0    0.25   0.008   380.1          4.45        3.891   
  274     2.0    0.25   0.008   630.3          4.563       3.875   
  275     2.0    0.25   0.008   1019.9         4.674       3.85    
  276     2.0    0.25   0.008   1602.5         4.784       3.813   
  277     2.0    0.25   0.008   2477.0         4.891       3.758   
  278     2.0    0.25   0.008   3691.8         4.99        3.676   
  279     2.0    0.25   0.008   5525.7         5.077       3.566   
  280     2.0    0.25   0.008   8943.6         5.127       3.719   
  281     2.0    0.25   0.008   10574.5        5.216       3.614   
  282     2.0    0.25   0.008   11378.3        5.245       3.448   
  283     2.0    0.25   0.008   11863.7        5.244       3.277   
  284     2.0    0.25   0.008   12370.5        5.231       3.106   
  285     2.0    0.25   0.008   13141.4        5.212       2.937   
  286     2.0    0.25   0.008   14845.5        5.192       2.769   
  287     2.0    0.25   0.008   17179.1        5.169       2.601   
  288     2.0    0.25   0.008   20632.4        5.145       2.433   
  289     2.0    0.25   0.008   25789.9        5.119       2.266   
  290     2.0    0.25   0.008   33935.3        5.091       2.1     
  291     2.0    0.25   0.008   46790.4        5.063       1.934   
  292     2.0    0.25   0.008   67638.7        5.034       1.768   
  293     2.0    0.25   0.008   100796.3       5.003       1.603   
  294     2.0    0.25   0.008   152320.8       4.973       1.438   
  295     2.0    0.25   0.008   232864.0       4.942       1.273   
  296     2.0    0.25   0.008   333199.3       4.91        1.108   
  297     2.0    0.25   0.008   487980.3       4.878       0.944   
  298     2.0    0.25   0.008   680526.6       4.844       0.78    
  299     2.0    0.25   0.008   929046.5       4.81        0.617   
  300     2.0    0.25   0.008   1177566.5      4.776       0.453   
  301     2.0    0.25   0.008   1552809.1      4.741       0.29    
  302     2.0    0.25   0.008   2061361.4      4.705       0.128   
  303     2.0    0.25   0.008   2569913.6      4.669       -0.035  
  304     2.0    0.25   0.008   3392019.2      4.632       -0.197  
  305     2.0    0.25   0.008   4524218.7      4.596       -0.359  
  306     2.0    0.25   0.008   6217526.7      4.558       -0.521  
  307     2.0    0.25   0.008   8833619.2      4.521       -0.683  
  308     2.0    0.25   0.008   1.22498871E7   4.484       -0.845  
  309     2.0    0.25   0.008   1.92240165E7   4.447       -1.007  
  310     2.0    0.25   0.008   3.17582158E7   4.409       -1.168  
  311     2.0    0.25   0.008   4.83923492E7   4.37        -1.33   
  312     2.0    0.25   0.008   6.93411181E7   4.332       -1.491  
  313     2.5    0.25   0.008   0.0            4.0         3.954   
  314     2.5    0.25   0.008   37.1           4.115       3.952   
  315     2.5    0.25   0.008   97.8           4.23        3.947   
  316     2.5    0.25   0.008   185.1          4.345       3.941   
  317     2.5    0.25   0.008   322.3          4.459       3.932   
  318     2.5    0.25   0.008   531.8          4.574       3.916   
  319     2.5    0.25   0.008   859.3          4.688       3.894   
  320     2.5    0.25   0.008   1334.2         4.801       3.859   
  321     2.5    0.25   0.008   2000.5         4.91        3.808   
  322     2.5    0.25   0.008   2924.3         5.014       3.732   
  323     2.5    0.25   0.008   6462.7         5.116       3.813   
  324     2.5    0.25   0.008   7658.2         5.221       3.743   
  325     2.5    0.25   0.008   8334.2         5.273       3.587   
  326     2.5    0.25   0.008   8683.2         5.279       3.412   
  327     2.5    0.25   0.008   8961.8         5.269       3.238   
  328     2.5    0.25   0.008   9367.7         5.251       3.065   
  329     2.5    0.25   0.008   10339.6        5.23        2.893   
  330     2.5    0.25   0.008   11892.5        5.207       2.722   
  331     2.5    0.25   0.008   13970.3        5.182       2.551   
  332     2.5    0.25   0.008   17362.7        5.155       2.381   
  333     2.5    0.25   0.008   22437.7        5.127       2.212   
  334     2.5    0.25   0.008   30302.8        5.097       2.043   
  335     2.5    0.25   0.008   42639.5        5.066       1.874   
  336     2.5    0.25   0.008   58836.0        5.035       1.706   
  337     2.5    0.25   0.008   87653.1        5.003       1.538   
  338     2.5    0.25   0.008   134188.1       4.97        1.37    
  339     2.5    0.25   0.008   197080.9       4.937       1.203   
  340     2.5    0.25   0.008   306381.6       4.903       1.036   
  341     2.5    0.25   0.008   448745.7       4.869       0.869   
  342     2.5    0.25   0.008   638257.6       4.834       0.702   
  343     2.5    0.25   0.008   827769.5       4.799       0.535   
  344     2.5    0.25   0.008   1131836.8      4.763       0.369   
  345     2.5    0.25   0.008   1539671.3      4.726       0.204   
  346     2.5    0.25   0.008   2098066.2      4.69        0.038   
  347     2.5    0.25   0.008   2656461.1      4.653       -0.128  
  348     2.5    0.25   0.008   3607628.8      4.615       -0.293  
  349     2.5    0.25   0.008   4766649.1      4.577       -0.458  
  350     2.5    0.25   0.008   6973606.1      4.539       -0.623  
  351     2.5    0.25   0.008   1.01635274E7   4.5         -0.788  
  352     2.5    0.25   0.008   1.56416254E7   4.463       -0.953  
  353     2.5    0.25   0.008   2.48689904E7   4.424       -1.118  
  354     2.5    0.25   0.008   4.04868915E7   4.385       -1.282  
  355     2.5    0.25   0.008   6.09510784E7   4.346       -1.447  
  356     2.5    0.25   0.008   8.61423775E7   4.307       -1.611  
  357     0.89   0.25   0.004   0.0            4.0         3.624   
  358     0.89   0.25   0.004   23.4           4.096       3.616   
  359     0.89   0.25   0.004   55.5           4.192       3.603   
  360     0.89   0.25   0.004   100.4          4.288       3.584   
  361     0.89   0.25   0.004   158.8          4.383       3.558   
  362     0.89   0.25   0.004   231.6          4.475       3.517   
  363     0.89   0.25   0.004   341.4          4.563       3.454   
  364     0.89   0.25   0.004   680.2          4.471       3.499   
  365     0.89   0.25   0.004   882.8          4.379       3.545   
  366     0.89   0.25   0.004   1338.5         4.474       3.522   
  367     0.89   0.25   0.004   1649.9         4.566       3.478   
  368     0.89   0.25   0.004   2361.7         4.651       3.409   
  369     0.89   0.25   0.004   4790.9         4.734       3.335   
  370     0.89   0.25   0.004   8298.6         4.806       3.236   
  371     0.89   0.25   0.004   13742.4        4.865       3.121   
  372     0.89   0.25   0.004   21104.5        4.909       2.99    
  373     0.89   0.25   0.004   29995.7        4.941       2.851   
  374     0.89   0.25   0.004   56701.1        5.004       2.962   
  375     0.89   0.25   0.004   73527.8        5.039       2.825   
  376     0.89   0.25   0.004   79732.8        5.037       2.679   
  377     0.89   0.25   0.004   85713.8        5.029       2.532   
  378     0.89   0.25   0.004   94501.5        5.015       2.387   
  379     0.89   0.25   0.004   102590.9       4.999       2.242   
  380     0.89   0.25   0.004   124429.6       4.985       2.097   
  381     0.89   0.25   0.004   149733.3       4.968       1.953   
  382     0.89   0.25   0.004   189194.2       4.95        1.809   
  383     0.89   0.25   0.004   242363.8       4.931       1.665   
  384     0.89   0.25   0.004   313419.2       4.909       1.522   
  385     0.89   0.25   0.004   407412.7       4.888       1.379   
  386     0.89   0.25   0.004   544139.3       4.866       1.236   
  387     0.89   0.25   0.004   714917.3       4.842       1.094   
  388     0.89   0.25   0.004   904759.2       4.818       0.952   
  389     0.89   0.25   0.004   1167673.2      4.792       0.81    
  390     0.89   0.25   0.004   1473480.1      4.766       0.669   
  391     0.89   0.25   0.004   1811994.7      4.739       0.529   
  392     0.89   0.25   0.004   2216384.8      4.711       0.388   
  393     0.89   0.25   0.004   2724351.4      4.683       0.248   
  394     0.89   0.25   0.004   3386677.7      4.654       0.108   
  395     0.89   0.25   0.004   4049004.1      4.625       -0.032  
  396     0.89   0.25   0.004   5077756.2      4.595       -0.171  
  397     0.89   0.25   0.004   6429663.7      4.565       -0.311  
  398     0.89   0.25   0.004   8260848.8      4.535       -0.45   
  399     0.89   0.25   0.004   1.06921804E7   4.504       -0.589  
  400     0.89   0.25   0.004   1.37008099E7   4.474       -0.729  
  401     0.89   0.25   0.004   1.88034227E7   4.442       -0.867  
