3001.063898 1.7641293018842463e-13
3011.079410 1.7478851354436894e-13
3021.131948 1.745171736583493e-13
3031.211499 1.7398839639606756e-13
3041.328082 1.789571115885855e-13
3051.481764 1.7232068803229265e-13
3061.672610 1.734309099891312e-13
3071.890329 1.711758496027389e-13
3082.145202 1.7075837110517552e-13
3092.426795 1.699885730065701e-13
3102.756083 1.6942266935572714e-13
3113.112065 1.7026414122906534e-13
3123.505289 1.6829720755879077e-13
3133.925030 1.6773764941269735e-13
3144.392822 1.6712956319830787e-13
3154.887086 1.6677169764497217e-13
3165.418646 1.6646359600334024e-13
3175.987546 1.66057209067503e-13
3186.582685 1.698191952588965e-13
3197.226317 1.6436778215728162e-13
3207.896119 1.2885569891875765e-12
3218.603269 1.632761029944788e-13
3229.347801 1.6273285852994616e-13
3240.129747 1.6223955797927832e-13
3250.937539 1.61652136527256e-13
3261.794322 1.7040544138252323e-13
3272.676849 1.6062606918069758e-13
3283.608571 1.6009131618953404e-13
3294.565923 1.5960628785246022e-13
3305.560676 1.5926445312014664e-13
3316.592847 1.5854627364122525e-13
3327.662447 1.5820664556397406e-13
3338.769489 1.5899044525924077e-13
3349.913981 1.4587040078105797e-12
3361.095929 1.5653997572695246e-13
3372.315338 1.5597285646151605e-13
3383.572208 1.5550011730054577e-13
3394.866538 1.5498278628996253e-13
3406.198326 1.5451305059362044e-13
3417.580382 1.5395274329567626e-13
3428.987148 3.6269022737047e-12
3440.431346 1.5302101988172116e-13
3451.912961 1.5246679168532834e-13
3463.431976 1.519597029691329e-13
3475.001623 1.5145376935251876e-13
3486.595465 1.5184625840722558e-13
3498.240070 1.5049233409615732e-13
3509.908640 1.5003653553855982e-13
3521.628094 1.4940415657539192e-13
3533.384970 1.4912809531840634e-13
3545.179232 1.484557083892266e-13
3557.010842 1.4822541516740274e-13
3568.879757 1.4751360347921259e-13
3580.800004 1.4702254044112048e-13
3592.743486 1.468816429782112e-13
3604.738389 1.4613286587482096e-13
3616.770589 1.4568990695707822e-13
3628.854480 1.4516171821614737e-13
3640.961198 1.4296279467510918e-13
3653.119678 6.384545623914927e-14
3665.315404 1.3191172160645453e-13
3677.548309 1.1205996745663596e-13
3689.818319 1.1299980091080957e-13
3702.140399 1.1228612045732771e-13
3714.499629 9.412258583180719e-14
3726.911172 1.1057573546693218e-13
3739.344557 1.6117616795608795e-13
3751.830285 1.3091018598297201e-13
3764.353021 8.262567158223664e-14
3776.928324 1.47618875257291e-13
3789.540650 6.018667797248603e-14
3802.189898 1.6056646223654196e-13
3814.875961 7.125296053801714e-14
3827.614808 5.905740938699186e-14
3840.390461 1.9639298284990146e-13
3853.219098 7.297647608604566e-14
3866.084522 1.854303424428851e-13
3878.986611 5.815445631842616e-14
3891.941858 2.641956249381111e-13
3904.933732 5.716795378970237e-14
3917.962098 5.689810860734105e-14
3931.043775 7.626076928556938e-14
3944.178958 5.628226327123153e-14
3957.333472 5.597674868922881e-14
3970.541424 3.8353047333003665e-13
3983.803004 5.5408755299012744e-14
3997.100870 5.5107167849869726e-14
4010.452509 5.496265748644456e-14
4023.840341 8.370320806097017e-14
4037.264195 5.444287038923302e-14
4050.759909 5.395296279358346e-14
4064.273643 5.5195743313222357e-14
4077.841349 5.370958238607587e-14
4091.463204 5.3416220007103793e-14
4105.120890 5.084105972075422e-13
4118.814213 5.302358112202684e-14
4132.580453 5.231772613391862e-14
4146.363556 5.225684306015729e-14
4160.219914 5.181993752937145e-14
4174.092713 5.1535433828176795e-14
4188.039095 5.1587625711885684e-14
4202.020854 9.227364169228825e-14
4216.037765 5.0726283314286623e-14
4230.128865 5.0483447370458195e-14
4244.255170 5.024180715527028e-14
4258.416439 4.9964674799711813e-14
4272.632458 4.9871556424678457e-14
4286.903376 4.9523331101359854e-14
4301.209039 4.9285978709076014e-14
4315.569623 4.8977177801906525e-14
4329.985273 4.892235531518855e-14
4344.435415 8.957245332153702e-13
4358.940626 1.3120574833121198e-13
4373.480052 4.8400097045453335e-14
4388.095665 4.809648620059078e-14
4402.745477 4.7546144507998456e-14
4417.429192 4.7317370675843505e-14
4432.189621 4.768848781683661e-14
4446.983918 4.6862381785108934e-14
4461.833617 4.667140394955384e-14
4476.716844 4.927301735347433e-14
4491.677554 4.636130634110311e-14
4506.671730 4.5999073592481823e-14
4521.721475 4.5742328110240175e-14
4536.804310 1.0929265160630692e-13
4551.942628 4.526704063296298e-14
4567.159421 4.504781085824202e-14
4582.386118 4.493221381335118e-14
4597.691488 4.481661556844591e-14
4613.052736 4.4870565816121194e-14
4628.446448 5.005413895944756e-14
4643.895910 4.561538030051143e-14
4659.401207 4.646941546752971e-14
4674.962424 4.3641446774774704e-14
4690.555498 1.597975262625721e-12
4706.228635 1.3002133976947404e-13
4721.933459 9.518183786246362e-14
4737.694186 1.1540778547592097e-13
4753.510884 4.255879892039317e-14
4769.383619 4.235165209072855e-14
4785.312454 4.214538538591557e-14
4801.297449 4.19399967487867e-14
4817.313195 4.17357047533945e-14
4833.410510 4.156438641099541e-14
4849.538341 4.132951856282436e-14
4865.722199 1.6268131773976802e-12
4881.962127 4.095902885793507e-14
4898.258164 4.075897651344009e-14
4914.610347 4.0591574160909785e-14
4931.018709 4.175541910435192e-14
4947.483281 4.0479745846977004e-14
4964.004089 6.819630869991018e-13
4980.581156 3.983435478474108e-14
4997.214502 3.9639242728125904e-14
5013.904145 1.935172079832311e-12
5030.622326 3.928284187808828e-14
5047.424411 3.9213975965635466e-14
5064.282820 3.889835383371969e-14
5081.197554 3.8707376512456494e-14
5098.140091 3.854809877174826e-14
5115.167278 3.838924086465158e-14
5132.250773 3.820057888546988e-14
5149.390564 3.8012753144898706e-14
5166.557340 3.7825976045487935e-14
5183.809470 3.763981626777386e-14
5201.117830 3.787498600528339e-14
5218.482391 3.7299920587310154e-14
5235.903119 3.7116145238221255e-14
5253.379975 3.696293099887707e-14
5270.943405 3.6780490408669154e-14
5288.532590 3.6658161797251244e-14
5306.177763 3.644793573062023e-14
5323.909973 3.626785368301245e-14
5341.667158 3.611804388453874e-14
5359.511672 3.593949271245205e-14
5377.412343 3.5790804070295015e-14
5395.337157 3.5613988119039723e-14
5413.349712 1.5107224705803988e-13
5431.450568 3.5290906869005476e-14
5449.575109 3.5116201571660123e-14
5467.755400 3.4970869198366676e-14
5486.024373 3.479746128802509e-14
5504.349339 3.465323327084664e-14
5522.696726 3.4481535552464564e-14
5541.133140 3.4310423612543343e-14
5559.659139 3.416799510268235e-14
5578.206992 3.3998374094945566e-14
5596.844640 3.388515856435919e-14
5615.503433 3.3689109639354e-14
5634.252215 3.354927761780682e-14
5653.091543 3.338220372636258e-14
5671.951367 3.324366206316336e-14
5690.866373 3.2309643193079814e-14
5709.872180 2.952086954229171e-14
5728.933326 2.936811165128315e-14
5748.085903 2.9351790083913396e-14
5767.257467 2.9091695190033326e-14
5786.520600 2.896785284615727e-14
5805.838864 2.9301981428815273e-14
5825.212072 2.869499305617687e-14
5844.677518 2.8545968752847356e-14
5864.160278 2.842448958019843e-14
5883.773361 3.602948042133018e-14
5903.403345 2.8156149215902533e-14
5923.126251 2.800964562854861e-14
5942.865112 4.4608750273013226e-14
5962.735973 3.0653097706172926e-14
5982.622329 3.0263972634708037e-14
6002.602235 3.021528822167793e-14
6022.636432 2.7365280235768745e-14
6042.764736 3.014372724829935e-14
6062.907018 2.7106217525708655e-14
6083.143420 3.0174765106624585e-14
6103.474482 2.6874862633996537e-14
6123.859593 3.02802587159375e-14
6144.298471 2.6594600298005367e-14
6164.790828 3.0510001474010173e-14
6185.378348 2.634220503941693e-14
6206.019304 2.6229419799710503e-14
6226.755933 3.070815059565689e-14
6247.545938 2.5980061606153603e-14
6268.388998 2.5843831684992674e-14
6289.328188 2.5732950525287684e-14
6310.320344 3.525272309632177e-14
6331.409111 2.5487898669142844e-14
6352.550736 2.545225669840216e-14
6373.744863 2.5294092913924165e-14
6395.036005 2.5136596166025403e-14
6416.379508 3.1188405618284004e-14
6437.774995 5.53507587741903e-14
6459.267861 2.4765708056353255e-14
6480.858626 2.4948353506163374e-14
6502.501413 2.4552997959901342e-14
6524.195816 3.170261487710475e-14
6545.988439 2.4771722528557273e-14
6567.832462 3.3275894278684063e-12
6589.775106 2.548425593969742e-14
6611.768914 2.3958210476592345e-14
6633.813438 2.3855047123825705e-14
6655.956837 2.375221428931266e-14
6678.199617 3.340434022068367e-14
6700.493019 2.3524396697208844e-14
6722.886162 2.4236094555460994e-14
6745.329622 2.3321709463939022e-14
6767.822904 2.3198033064912293e-14
6790.416103 2.307483650021743e-14
6813.109715 2.297504793082236e-14
6835.852960 2.2852902921608607e-14
6858.645311 2.275190449768918e-14
6881.538193 3.2984824441519767e-14
6904.532096 2.2537346121905733e-14
6927.574847 2.245336145080864e-14
6950.718899 2.2324657128564313e-14
6973.911367 2.221905346078729e-14
6997.205398 8.231568608941758e-14
7020.547385 2.200915222091298e-14
7043.991177 2.190485272879265e-14
7067.537251 2.4910927456861872e-14
7091.130907 2.1697551200127995e-14
7114.771516 2.1594715845584696e-14
7138.514359 2.9981048495333225e-14
7162.359904 2.3926797528049844e-14
7186.251946 3.367309733283979e-14
7210.246869 2.118743575616797e-14
7234.345135 2.2932921253661036e-14
7258.489391 2.315795001228478e-14
7282.737143 2.1266125209410004e-14
7307.030258 2.0787079029866543e-14
7331.427001 2.1798228774481318e-14
7355.927823 2.0589435577147553e-14
7380.473399 2.0491327199351835e-14
7405.123157 2.0393582305919768e-14
7429.816963 2.029636565882932e-14
7454.615030 2.0199510576079476e-14
7479.517795 2.0107193587809672e-14
7504.463893 2.0007046985544972e-14
7529.576951 1.9911272035762172e-14
7554.670756 1.9816184334229814e-14
7579.932379 1.981815453502503e-14
7605.236566 3.567969867932668e-14
7630.582472 1.9594478655499804e-14
7656.097883 1.9439396370872502e-14
7681.654996 1.9610625946491655e-14
7707.252933 1.9952902506966517e-14
7733.022043 1.9888432675860294e-14
7758.831923 2.091959588359478e-14
7784.748164 1.8983690985822093e-14
7810.704219 1.888660445457941e-14
7836.833940 1.8793731448206007e-14
7862.935532 1.87035293824688e-14
7889.211575 1.8611532438041133e-14
7915.526307 1.852005575128776e-14
7941.947957 1.8444673263460284e-14
7968.476907 1.8347978228346104e-14
7995.113536 1.8257540874069962e-14
8021.787609 1.816761932027174e-14
8048.569175 1.8083875217776977e-14
8075.458603 1.799464267796469e-14
8102.384217 1.7905922441445482e-14
8129.417463 1.782139731814595e-14
8156.558695 1.7735282398617988e-14
8183.808267 1.782703087149131e-14
8211.166532 1.4061525192131884e-14
8238.559358 3.2898969239395436e-14
8266.060581 1.257718830402594e-14
8293.670540 1.2518365997861372e-14
8321.313584 2.1683240308325063e-14
8349.141514 1.7283162313752132e-14
8377.002175 1.4098316450955549e-14
8404.971874 1.6443484376235936e-14
8433.050931 1.478635359087394e-14
8461.161101 1.5154495073286985e-14
8489.459298 1.2091648777958119e-14
8517.788179 1.5570943958489827e-14
8546.226606 1.6224711258425743e-14
8574.774877 1.191486452422622e-14
8603.352063 1.7013982539379073e-14
8632.120365 1.1774179669583603e-14
8660.917071 1.8145468580065342e-14
8689.823685 1.8336789276879356e-14
8718.840481 1.1614068467441054e-14
8747.967731 2.0697140641580508e-14
8777.121163 1.1501353377148206e-14
8806.469559 1.2479476016699597e-14
8835.843528 1.1386019889707096e-14
8865.327858 2.2555333634989532e-14
8894.922795 1.1254194261419905e-14
8924.628581 1.234926056774269e-14
8954.445454 1.1151470971079094e-14
8984.373650 1.1084764501693347e-14
